1.461687766836202798e+02 1.489243878095039122e+02 1.163971038911676175e+02
1.462190597306994846e+02 1.489757791871454629e+02 1.163971038911676175e+02
1.462475300919036272e+02 1.490065485578111861e+02 1.163971038911676175e+02
1.462612680649926347e+02 1.490225988020909540e+02 1.163971038911676175e+02
1.462681329385698064e+02 1.490313654619548061e+02 1.163971038911676175e+02
1.462708187660410317e+02 1.490363706771044008e+02 1.163971038911676175e+02
1.462743030979116554e+02 1.490402969029454141e+02 1.163971038911676175e+02
1.462780237920028412e+02 1.490447037192203936e+02 1.163971038911676175e+02
1.462816474644919538e+02 1.490509477261235247e+02 1.163971038911676175e+02
1.462839465466045397e+02 1.490537112089166953e+02 1.163971038911676175e+02
1.462851229082058353e+02 1.490559168519325794e+02 1.163971038911676175e+02
1.462824304436476268e+02 1.490571767954145059e+02 1.163971038911676175e+02
1.462846112431583379e+02 1.490592131431689324e+02 1.163971038911676175e+02
1.462877851177058517e+02 1.490611379720143077e+02 1.163971038911676175e+02
1.462885418290000814e+02 1.490610601388202099e+02 1.163971038911676175e+02
1.462899401832407307e+02 1.490617595615746609e+02 1.163971038911676175e+02
1.462913042261911869e+02 1.490634120459860128e+02 1.163971038911676175e+02
1.462914500477801312e+02 1.490640873303040621e+02 1.163971038911676175e+02
1.462922993551306092e+02 1.490650660663190479e+02 1.163971038911676175e+02
1.462945768853875279e+02 1.490681338287126891e+02 1.163971038911676175e+02
1.462934508900753485e+02 1.490681294325067086e+02 1.163971038911676175e+02
1.462933783754800743e+02 1.490677845355916418e+02 1.163971038911676175e+02
1.462921118360194725e+02 1.490656205856733436e+02 1.163971038911676175e+02
1.462929941404539704e+02 1.490641568689217706e+02 1.163971038911676175e+02
1.462940704482830938e+02 1.490658723341966834e+02 1.163971038911676175e+02
1.462925415321914500e+02 1.490670592633616138e+02 1.163971038911676175e+02
1.462936080519909297e+02 1.490695678602912437e+02 1.163971038911676175e+02
1.462949026199869138e+02 1.490710031656784054e+02 1.163971038911676175e+02
1.462968005874978985e+02 1.490722702864468658e+02 1.163971038911676175e+02
1.462991373353718814e+02 1.490712224146468543e+02 1.163971038911676175e+02
1.462975925485529558e+02 1.490708975655419408e+02 1.163971038911676175e+02
1.462942073144525921e+02 1.490676857868836578e+02 1.163971038911676175e+02
1.462952296654264615e+02 1.490655990523543437e+02 1.163971038911676175e+02
1.462954106865528274e+02 1.490657694848201800e+02 1.163971038911676175e+02
1.462987002533299119e+02 1.490657893059971570e+02 1.163971038911676175e+02
1.462986967849779489e+02 1.490632294723280324e+02 1.163971038911676175e+02
1.462978340339595320e+02 1.490631778120417437e+02 1.163971038911676175e+02
1.462966309710396331e+02 1.490615046798144476e+02 1.163971038911676175e+02
1.462956362703404238e+02 1.490607891682594186e+02 1.163971038911676175e+02
1.462972444263948546e+02 1.490597687230327608e+02 1.163971038911676175e+02
1.462987520789885139e+02 1.490592745191779613e+02 1.163971038911676175e+02
1.462957778232977830e+02 1.490564287655553244e+02 1.163971038911676175e+02
1.462939800418376137e+02 1.490552424516640713e+02 1.163971038911676175e+02
1.462953128792186703e+02 1.490571198153025136e+02 1.163971038911676175e+02
1.462974706569265777e+02 1.490601295515236870e+02 1.163971038911676175e+02
1.462976275665300818e+02 1.490597364504763505e+02 1.163971038911676175e+02
1.462959043273937709e+02 1.490576738236117649e+02 1.163971038911676175e+02
1.462943104549123632e+02 1.490536881444027983e+02 1.163971038911676175e+02
1.462901244456396057e+02 1.490509347739463806e+02 1.163971038911676175e+02
1.462911017109996124e+02 1.490507097671874419e+02 1.163971038911676175e+02
1.462929062123254198e+02 1.490501317630164522e+02 1.163971038911676175e+02
1.462938247463762877e+02 1.490502667000284873e+02 1.163971038911676175e+02
1.462951278179750716e+02 1.490518442936578367e+02 1.163971038911676175e+02
1.462969228039539189e+02 1.490550184753870440e+02 1.163971038911676175e+02
1.462969266846192795e+02 1.490569037093050611e+02 1.163971038911676175e+02
1.462977369718499290e+02 1.490575638676705523e+02 1.163971038911676175e+02
1.462960081616338357e+02 1.490564417557606589e+02 1.163971038911676175e+02
1.462945939941364486e+02 1.490559836423038291e+02 1.163971038911676175e+02
1.462963455119657397e+02 1.490590172176758301e+02 1.163971038911676175e+02
1.462977786496863928e+02 1.490599476819700158e+02 1.163971038911676175e+02
1.462978583181936756e+02 1.490600641758723270e+02 1.163971038911676175e+02
1.462968038212193278e+02 1.490593725267029299e+02 1.163971038911676175e+02
1.462953141599931826e+02 1.490557956081786983e+02 1.163971038911676175e+02
1.462977709958676087e+02 1.490565638040700378e+02 1.163971038911676175e+02
1.462983361778225913e+02 1.490558192227177869e+02 1.163971038911676175e+02
1.463001115097590059e+02 1.490573476545291669e+02 1.163971038911676175e+02
1.463002208710447576e+02 1.490584587673949954e+02 1.163971038911676175e+02
1.462983430032035699e+02 1.490584483628933299e+02 1.163971038911676175e+02
1.462981228578377966e+02 1.490593577339210469e+02 1.163971038911676175e+02
1.462950970176879082e+02 1.490557850477928810e+02 1.163971038911676175e+02
1.462953052128438571e+02 1.490564496568926813e+02 1.163971038911676175e+02
1.462951774815994668e+02 1.490557617481529746e+02 1.163971038911676175e+02
1.462921867874053419e+02 1.490529940158221791e+02 1.163971038911676175e+02
1.462890845213671582e+02 1.490521175021277713e+02 1.163971038911676175e+02
1.462870479262610388e+02 1.490513940245212439e+02 1.163971038911676175e+02
1.462875065741536673e+02 1.490521460065904478e+02 1.163971038911676175e+02
1.462880142371960233e+02 1.490520956521057769e+02 1.163971038911676175e+02
1.462893425252194106e+02 1.490530644534016460e+02 1.163971038911676175e+02
1.462887253378372066e+02 1.490532369520966540e+02 1.163971038911676175e+02
1.462893310294019216e+02 1.490559346624295927e+02 1.163971038911676175e+02
1.462869114006212783e+02 1.490558885282248980e+02 1.163971038911676175e+02
1.462885033458505859e+02 1.490583861345148478e+02 1.163971038911676175e+02
1.462902879257754876e+02 1.490607361709371048e+02 1.163971038911676175e+02
1.462915440460291165e+02 1.490625690172468865e+02 1.163971038911676175e+02
1.462899035599221520e+02 1.490616566112692567e+02 1.163971038911676175e+02
1.462896504170659568e+02 1.490605274239807159e+02 1.163971038911676175e+02
1.462885428747019887e+02 1.490591027502468933e+02 1.163971038911676175e+02
1.462893134669640460e+02 1.490599500525266876e+02 1.163971038911676175e+02
1.462930930473956437e+02 1.490624509256574584e+02 1.163971038911676175e+02
1.462931290704794378e+02 1.490616844057308583e+02 1.163971038911676175e+02
1.462943916658818750e+02 1.490636023605349010e+02 1.163971038911676175e+02
1.462956534646784803e+02 1.490650935261421068e+02 1.163971038911676175e+02
1.462927445444856858e+02 1.490641689539052095e+02 1.163971038911676175e+02
1.462900010897391496e+02 1.490640026138779604e+02 1.163971038911676175e+02
1.462878943702588117e+02 1.490621817687601549e+02 1.163971038911676175e+02
1.462847264901299411e+02 1.490614536426438690e+02 1.163971038911676175e+02
1.462852418150273479e+02 1.490622653752121209e+02 1.163971038911676175e+02
1.462869635742365517e+02 1.490635070588148778e+02 1.163971038911676175e+02
1.462894829363249869e+02 1.490657596951080563e+02 1.163971038911676175e+02
1.462920078080153417e+02 1.490673456108041250e+02 1.163971038911676175e+02
1.462922178240147559e+02 1.490671427585692186e+02 1.163971038911676175e+02
1.462935476850936141e+02 1.490691866959391518e+02 1.163971038911676175e+02
1.462958994985199865e+02 1.490701659527040306e+02 1.163971038911676175e+02
1.462970993352611231e+02 1.490734495849025336e+02 1.163971038911676175e+02
1.462996088614346490e+02 1.490754808666165445e+02 1.163971038911676175e+02
1.463024072492468122e+02 1.490779416454428770e+02 1.163971038911676175e+02
1.463050143940099588e+02 1.490786470711475431e+02 1.163971038911676175e+02
1.463029857922122119e+02 1.490782923713317700e+02 1.163971038911676175e+02
1.463042955763588679e+02 1.490780529559872605e+02 1.163971038911676175e+02
1.463042538459950492e+02 1.490787036740548217e+02 1.163971038911676175e+02
1.463050030773938204e+02 1.490785699862486240e+02 1.163971038911676175e+02
1.463043992927312047e+02 1.490776047286891526e+02 1.163971038911676175e+02
1.463031791666069523e+02 1.490750153167898020e+02 1.163971038911676175e+02
1.463047071661280256e+02 1.490739650404249517e+02 1.163971038911676175e+02
1.463066275108203342e+02 1.490764333848166814e+02 1.163971038911676175e+02
1.463089412715295339e+02 1.490786370180461802e+02 1.163971038911676175e+02
1.463096064888815420e+02 1.490787651961422853e+02 1.163971038911676175e+02
1.463098229909602992e+02 1.490794292703793644e+02 1.163971038911676175e+02
1.463082790946145906e+02 1.490771822026410973e+02 1.163971038911676175e+02
1.463054341096969324e+02 1.490732213245905484e+02 1.163971038911676175e+02
1.463044668094311760e+02 1.490705035129794283e+02 1.163971038911676175e+02
1.463061583509341688e+02 1.490732798610412715e+02 1.163971038911676175e+02
1.463071199482159557e+02 1.490734884904777005e+02 1.163971038911676175e+02
1.463075511380166631e+02 1.490732284940658303e+02 1.163971038911676175e+02
1.463100726708246668e+02 1.490766136272371796e+02 1.163971038911676175e+02
1.463125203370314864e+02 1.490811198057139109e+02 1.163971038911676175e+02
1.463119358258095417e+02 1.490800401761119645e+02 1.163971038911676175e+02
1.463104649394395551e+02 1.490786632303084218e+02 1.163971038911676175e+02
1.463092417122489621e+02 1.490798395026678804e+02 1.163971038911676175e+02
1.463066895659471811e+02 1.490796381283010703e+02 1.163971038911676175e+02
1.463068076082585662e+02 1.490816940519326863e+02 1.163971038911676175e+02
1.463073042722838579e+02 1.490804499237569303e+02 1.163971038911676175e+02
1.463104998672720285e+02 1.490789360730146882e+02 1.163971038911676175e+02
1.463126093574574043e+02 1.490785870458729505e+02 1.163971038911676175e+02
1.463113892536250091e+02 1.490776532813984545e+02 1.163971038911676175e+02
1.463071159090402773e+02 1.490743160597368160e+02 1.163971038911676175e+02
1.463054564409906106e+02 1.490739242924355494e+02 1.163971038911676175e+02
1.463027072506401112e+02 1.490726640340433846e+02 1.163971038911676175e+02
1.463019996254955402e+02 1.490736579816877736e+02 1.163971038911676175e+02
1.463026973029543853e+02 1.490759150737762297e+02 1.163971038911676175e+02
1.463035450330711456e+02 1.490779868706710829e+02 1.163971038911676175e+02
1.463024905159408036e+02 1.490783401827305852e+02 1.163971038911676175e+02
1.463041705555178851e+02 1.490793212034383828e+02 1.163971038911676175e+02
1.463043911762156313e+02 1.490799926871006278e+02 1.163971038911676175e+02
1.463026603250224866e+02 1.490797270104493748e+02 1.163971038911676175e+02
1.463049003183672028e+02 1.490817967394694392e+02 1.163971038911676175e+02
1.463074708676633122e+02 1.490821127682562519e+02 1.163971038911676175e+02
1.463083780984972577e+02 1.490822288297825366e+02 1.163971038911676175e+02
1.463083855922911880e+02 1.490816251470885163e+02 1.163971038911676175e+02
1.463095209484636143e+02 1.490807994169247195e+02 1.163971038911676175e+02
1.463094718293786798e+02 1.490821549411904243e+02 1.163971038911676175e+02
1.463090923251893685e+02 1.490814980793349491e+02 1.163971038911676175e+02
1.463065614340808906e+02 1.490803486377169520e+02 1.163971038911676175e+02
1.463047669541153653e+02 1.490794543005421815e+02 1.163971038911676175e+02
1.463037316002861985e+02 1.490795635929507625e+02 1.163971038911676175e+02
1.463057426683384392e+02 1.490794967160048259e+02 1.163971038911676175e+02
1.463067146517844321e+02 1.490792563560240751e+02 1.163971038911676175e+02
1.463056673956681948e+02 1.490766118368274533e+02 1.163971038911676175e+02
1.463047385347900615e+02 1.490741334489695760e+02 1.163971038911676175e+02
1.463030243716492294e+02 1.490721393947114279e+02 1.163971038911676175e+02
1.463027604032155011e+02 1.490723253446969636e+02 1.163971038911676175e+02
1.463014843279678985e+02 1.490721491520064887e+02 1.163971038911676175e+02
1.463001761070702003e+02 1.490710448968236790e+02 1.163971038911676175e+02
1.463004732127085106e+02 1.490724373818565027e+02 1.163971038911676175e+02
1.463013508269546890e+02 1.490738380700471737e+02 1.163971038911676175e+02
1.463015048370494924e+02 1.490775919070788689e+02 1.163971038911676175e+02
1.463016014093018384e+02 1.490780856500617801e+02 1.163971038911676175e+02
1.463001675907570416e+02 1.490765656666864629e+02 1.163971038911676175e+02
1.462996492117699177e+02 1.490766720993811418e+02 1.163971038911676175e+02
1.463013631772996348e+02 1.490795976901935376e+02 1.163971038911676175e+02
1.463036313294273327e+02 1.490807288993686370e+02 1.163971038911676175e+02
1.463035890096040248e+02 1.490794404378791569e+02 1.163971038911676175e+02
1.463043730560227118e+02 1.490783737592441867e+02 1.163971038911676175e+02
1.463081175680655406e+02 1.490806617125208504e+02 1.163971038911676175e+02
1.463083750712785900e+02 1.490784919200704053e+02 1.163971038911676175e+02
1.463078012703609829e+02 1.490758233470223502e+02 1.163971038911676175e+02
1.463065337765615936e+02 1.490739505632299142e+02 1.163971038911676175e+02
1.463045453924081585e+02 1.490735771830606211e+02 1.163971038911676175e+02
1.463054133211830674e+02 1.490735630285723801e+02 1.163971038911676175e+02
1.463053805865947652e+02 1.490713170981728695e+02 1.163971038911676175e+02
1.463043718850995845e+02 1.490701900145501497e+02 1.163971038911676175e+02
1.463011881989290544e+02 1.490684930337739047e+02 1.163971038911676175e+02
1.462994221412593561e+02 1.490676694629120789e+02 1.163971038911676175e+02
1.463001895942994395e+02 1.490693838489804932e+02 1.163971038911676175e+02
1.463025854835338748e+02 1.490692427551177559e+02 1.163971038911676175e+02
1.463027131604983992e+02 1.490681855540467495e+02 1.163971038911676175e+02
1.462983062723823195e+02 1.490651188788121431e+02 1.163971038911676175e+02
1.462978806514990708e+02 1.490640097834585163e+02 1.163971038911676175e+02
1.462998857973861391e+02 1.490648622840552093e+02 1.163971038911676175e+02
1.463020779158107985e+02 1.490669339366539248e+02 1.163971038911676175e+02
1.463053519041331185e+02 1.490685333911491171e+02 1.163971038911676175e+02
1.463074483688557734e+02 1.490685367588862960e+02 1.163971038911676175e+02
1.463063128834642157e+02 1.490674413624896317e+02 1.163971038911676175e+02
1.463065130578647484e+02 1.490671850753718388e+02 1.163971038911676175e+02
1.463076488556244499e+02 1.490674197283454987e+02 1.163971038911676175e+02
1.463071893141294595e+02 1.490636677441535198e+02 1.163971038911676175e+02
1.463075566437758823e+02 1.490647902851601430e+02 1.163971038911676175e+02
1.463076916268146306e+02 1.490655429503117375e+02 1.163971038911676175e+02
1.463091010046416045e+02 1.490672094655427031e+02 1.163971038911676175e+02
1.463089112255747466e+02 1.490670032509882503e+02 1.163971038911676175e+02
1.463071370075067534e+02 1.490628368881083077e+02 1.163971038911676175e+02
1.463067863737225025e+02 1.490615836733495598e+02 1.163971038911676175e+02
1.463045502225011205e+02 1.490619643833815360e+02 1.163971038911676175e+02
1.463028368490730031e+02 1.490611990619877076e+02 1.163971038911676175e+02
1.463036283978719894e+02 1.490611858575875033e+02 1.163971038911676175e+02
1.463038212345268789e+02 1.490618873626326035e+02 1.163971038911676175e+02
1.462999073159099339e+02 1.490600023363774653e+02 1.163971038911676175e+02
1.462979640058314033e+02 1.490594834493077485e+02 1.163971038911676175e+02
1.462989227000317101e+02 1.490614124886942022e+02 1.163971038911676175e+02
1.462992096097618742e+02 1.490631396919103224e+02 1.163971038911676175e+02
1.462983542131341608e+02 1.490637271797297103e+02 1.163971038911676175e+02
1.462974216132960237e+02 1.490657769698389075e+02 1.163971038911676175e+02
1.462967482899139213e+02 1.490656989275085778e+02 1.163971038911676175e+02
1.462938534967734370e+02 1.490661982156971135e+02 1.163971038911676175e+02
1.462935096152999677e+02 1.490661624269900472e+02 1.163971038911676175e+02
1.462926834676320311e+02 1.490676975535814677e+02 1.163971038911676175e+02
1.462928101811727117e+02 1.490686421318237080e+02 1.163971038911676175e+02
1.462927339813284107e+02 1.490674653953198856e+02 1.163971038911676175e+02
1.462937607250539429e+02 1.490682523290399217e+02 1.163971038911676175e+02
1.462914742176886023e+02 1.490652565823285158e+02 1.163971038911676175e+02
1.462906747578206534e+02 1.490639832219706591e+02 1.163971038911676175e+02
1.462900728280752105e+02 1.490656832716396707e+02 1.163971038911676175e+02
1.462886941170983732e+02 1.490631702406805061e+02 1.163971038911676175e+02
1.462911899175403221e+02 1.490654852040504750e+02 1.163971038911676175e+02
1.462914569708830754e+02 1.490670073320912934e+02 1.163971038911676175e+02
1.462947045944392244e+02 1.490690996615113022e+02 1.163971038911676175e+02
1.462972709112733298e+02 1.490706819068876428e+02 1.163971038911676175e+02
1.462967815740747142e+02 1.490695244154402417e+02 1.163971038911676175e+02
1.462979942163379974e+02 1.490717960842681578e+02 1.163971038911676175e+02
1.462971810296624540e+02 1.490715529984844920e+02 1.163971038911676175e+02
1.462987124800372953e+02 1.490719183038638675e+02 1.163971038911676175e+02
1.462974754320305522e+02 1.490696420038593715e+02 1.163971038911676175e+02
1.462961917712497097e+02 1.490667684788671181e+02 1.163971038911676175e+02
1.462949259181629600e+02 1.490671714562971317e+02 1.163971038911676175e+02
1.462915013621079083e+02 1.490654959455687845e+02 1.163971038911676175e+02
1.462879538775696631e+02 1.490626276455149650e+02 1.163971038911676175e+02
1.462860150025134658e+02 1.490610920593141486e+02 1.163971038911676175e+02
1.462858263912958137e+02 1.490613777776407289e+02 1.163971038911676175e+02
1.462847876683680113e+02 1.490605414249403395e+02 1.163971038911676175e+02
1.462854340321651989e+02 1.490618065854637848e+02 1.163971038911676175e+02
1.462865080516520493e+02 1.490653683062754453e+02 1.163971038911676175e+02
1.462850273869974842e+02 1.490655367459604577e+02 1.163971038911676175e+02
1.462854928903302039e+02 1.490652921482665363e+02 1.163971038911676175e+02
1.462836153723634993e+02 1.490630838597903107e+02 1.163971038911676175e+02
1.462818378038295464e+02 1.490600113884964628e+02 1.163971038911676175e+02
1.462815843978262933e+02 1.490597971816960694e+02 1.163971038911676175e+02
1.462859773274562656e+02 1.490635620728593267e+02 1.163971038911676175e+02
1.462900803922925093e+02 1.490655245318812092e+02 1.163971038911676175e+02
1.462924615927012724e+02 1.490646074775914940e+02 1.163971038911676175e+02
1.462924660692130487e+02 1.490634278046510985e+02 1.163971038911676175e+02
1.462915690274776352e+02 1.490620485852019783e+02 1.163971038911676175e+02
1.462905719749330160e+02 1.490621610215754913e+02 1.163971038911676175e+02
1.462899215527603474e+02 1.490636956397652284e+02 1.163971038911676175e+02
1.462895159205370987e+02 1.490633997268707844e+02 1.163971038911676175e+02
1.462906910658106767e+02 1.490633693540394233e+02 1.163971038911676175e+02
1.462870049167891011e+02 1.490598321854261030e+02 1.163971038911676175e+02
1.462877128978171015e+02 1.490581712977423479e+02 1.163971038911676175e+02
1.462884827611935634e+02 1.490570306343399807e+02 1.163971038911676175e+02
1.462881499927049163e+02 1.490572240026748432e+02 1.163971038911676175e+02
1.462892445003928401e+02 1.490590789946487575e+02 1.163971038911676175e+02
1.462901946193967717e+02 1.490626325270409893e+02 1.163971038911676175e+02
1.462900393736666729e+02 1.490617946757059258e+02 1.163971038911676175e+02
1.462894078106744189e+02 1.490626680705994715e+02 1.163971038911676175e+02
1.462896069088361060e+02 1.490649678524299873e+02 1.163971038911676175e+02
1.462904421004185735e+02 1.490688505214208703e+02 1.163971038911676175e+02
1.462920530641320624e+02 1.490719761685733715e+02 1.163971038911676175e+02
1.462914300143212358e+02 1.490724532591541163e+02 1.163971038911676175e+02
1.462906330915371598e+02 1.490719637368475787e+02 1.163971038911676175e+02
1.462903043913719046e+02 1.490715403833515040e+02 1.163971038911676175e+02
1.462870781844410430e+02 1.490689855747735351e+02 1.163971038911676175e+02
1.462865010630088705e+02 1.490662088700252070e+02 1.163971038911676175e+02
1.462879641693092481e+02 1.490662811230284603e+02 1.163971038911676175e+02
1.462910419663552943e+02 1.490665688181422865e+02 1.163971038911676175e+02
1.462924924519090837e+02 1.490681598332031683e+02 1.163971038911676175e+02
1.462924634575547316e+02 1.490683735897281963e+02 1.163971038911676175e+02
1.462933844037452786e+02 1.490694894128307055e+02 1.163971038911676175e+02
1.462938776876897009e+02 1.490696879817182889e+02 1.163971038911676175e+02
1.462907174824320577e+02 1.490690249800504148e+02 1.163971038911676175e+02
1.462892209390718108e+02 1.490714931720854395e+02 1.163971038911676175e+02
1.462910985526748959e+02 1.490751714316077710e+02 1.163971038911676175e+02
1.462912417216220433e+02 1.490769342051033277e+02 1.163971038911676175e+02
1.462922153874395974e+02 1.490783939638627658e+02 1.163971038911676175e+02
1.462930169967540621e+02 1.490790472204051298e+02 1.163971038911676175e+02
1.462939709609258045e+02 1.490790362263494728e+02 1.163971038911676175e+02
1.462921920544433192e+02 1.490769926199347140e+02 1.163971038911676175e+02
1.462892815701458744e+02 1.490730950907658325e+02 1.163971038911676175e+02
1.462867915286138327e+02 1.490701544117220863e+02 1.163971038911676175e+02
1.462852874420408114e+02 1.490715629557390685e+02 1.163971038911676175e+02
1.462830556558124897e+02 1.490712296129943581e+02 1.163971038911676175e+02
1.462795676033804284e+02 1.490677535668874043e+02 1.163971038911676175e+02
1.462776496012227199e+02 1.490655992052506917e+02 1.163971038911676175e+02
1.462769161049728268e+02 1.490649935115902167e+02 1.163971038911676175e+02
1.462772705086470637e+02 1.490662920846634165e+02 1.163971038911676175e+02
1.462776342793181357e+02 1.490665691476273764e+02 1.163971038911676175e+02
1.462787250414394862e+02 1.490665920207506474e+02 1.163971038911676175e+02
1.462796758156405872e+02 1.490669847149269458e+02 1.163971038911676175e+02
1.462795829760315769e+02 1.490670575596969343e+02 1.163971038911676175e+02
1.462820158991446817e+02 1.490685941306143718e+02 1.163971038911676175e+02
1.462851645764015984e+02 1.490706015698789884e+02 1.163971038911676175e+02
1.462871595296910527e+02 1.490725349224921956e+02 1.163971038911676175e+02
1.462896630133442386e+02 1.490758614879881350e+02 1.163971038911676175e+02
1.462903924040494985e+02 1.490769024817350328e+02 1.163971038911676175e+02
1.462901220569726206e+02 1.490780444763159380e+02 1.163971038911676175e+02
1.462903195936261795e+02 1.490763699748941065e+02 1.163971038911676175e+02
1.462908908758532220e+02 1.490766340274178106e+02 1.163971038911676175e+02
1.462919605324013617e+02 1.490762322778836051e+02 1.163971038911676175e+02
1.462918666204123497e+02 1.490745411030741252e+02 1.163971038911676175e+02
1.462905229284224902e+02 1.490734940838992770e+02 1.163971038911676175e+02
1.462906736329807700e+02 1.490736974929004077e+02 1.163971038911676175e+02
1.462950180419056778e+02 1.490775156974855804e+02 1.163971038911676175e+02
1.462983809369789299e+02 1.490798003071498101e+02 1.163971038911676175e+02
1.463011411776232933e+02 1.490820270289895575e+02 1.163971038911676175e+02
1.463033127370431146e+02 1.490851782756093939e+02 1.163971038911676175e+02
1.463016198066171683e+02 1.490829291543475961e+02 1.163971038911676175e+02
1.463009696442190659e+02 1.490815522623790343e+02 1.163971038911676175e+02
1.463007092216164153e+02 1.490798434831957024e+02 1.163971038911676175e+02
1.462996278535696604e+02 1.490770348837325514e+02 1.163971038911676175e+02
1.462993749049516055e+02 1.490752843230761755e+02 1.163971038911676175e+02
1.462993817864559674e+02 1.490751539898733427e+02 1.163971038911676175e+02
1.462958144059113010e+02 1.490730908246950719e+02 1.163971038911676175e+02
1.462938258195236472e+02 1.490692741623928157e+02 1.163971038911676175e+02
1.462920892949644553e+02 1.490668266123920205e+02 1.163971038911676175e+02
1.462941525579499285e+02 1.490676166478937716e+02 1.163971038911676175e+02
1.462984117618084383e+02 1.490698219264120610e+02 1.163971038911676175e+02
1.463019702058264784e+02 1.490714186574056725e+02 1.163971038911676175e+02
1.463042020614941521e+02 1.490714317892463896e+02 1.163971038911676175e+02
1.463040865984295351e+02 1.490685918772458081e+02 1.163971038911676175e+02
1.463024938442093230e+02 1.490664409461920457e+02 1.163971038911676175e+02
1.463003790331349592e+02 1.490666876034107418e+02 1.163971038911676175e+02
1.462991988193597876e+02 1.490665806813940435e+02 1.163971038911676175e+02
1.463007227142685451e+02 1.490694982912773980e+02 1.163971038911676175e+02
1.463040301630497879e+02 1.490761848407825312e+02 1.163971038911676175e+02
1.463053661112864461e+02 1.490786529638597813e+02 1.163971038911676175e+02
1.463057434160045318e+02 1.490814143271942953e+02 1.163971038911676175e+02
1.463073952630733459e+02 1.490821492618413231e+02 1.163971038911676175e+02
1.463067790946915352e+02 1.490825655873932192e+02 1.163971038911676175e+02
1.463051463610952396e+02 1.490797495881498378e+02 1.163971038911676175e+02
1.463068807945068102e+02 1.490799219661746520e+02 1.163971038911676175e+02
1.463073132871557789e+02 1.490817497941264378e+02 1.163971038911676175e+02
1.463097884761129990e+02 1.490862504943338536e+02 1.163971038911676175e+02
1.463113073772674966e+02 1.490881754971209148e+02 1.163971038911676175e+02
1.463083551289018942e+02 1.490866965003183111e+02 1.163971038911676175e+02
1.463085792825595490e+02 1.490868549249175317e+02 1.163971038911676175e+02
1.463077769278636424e+02 1.490867306263184560e+02 1.163971038911676175e+02
1.463069903951744664e+02 1.490859134697945478e+02 1.163971038911676175e+02
1.463059343101696186e+02 1.490820908486845155e+02 1.163971038911676175e+02
1.463056040856815798e+02 1.490807150780087511e+02 1.163971038911676175e+02
1.463024056668810431e+02 1.490781597981146547e+02 1.163971038911676175e+02
1.462981737593719629e+02 1.490751318869809552e+02 1.163971038911676175e+02
1.462957792752525279e+02 1.490748694397177587e+02 1.163971038911676175e+02
1.462966462260120295e+02 1.490754290818074423e+02 1.163971038911676175e+02
1.462973310468680666e+02 1.490753675268532561e+02 1.163971038911676175e+02
1.462990256740172867e+02 1.490781059591681696e+02 1.163971038911676175e+02
1.463022025713544281e+02 1.490794333141757591e+02 1.163971038911676175e+02
1.463053187242726381e+02 1.490805397859633104e+02 1.163971038911676175e+02
1.463064286148411099e+02 1.490811840475882377e+02 1.163971038911676175e+02
1.463089146680027568e+02 1.490832280759319701e+02 1.163971038911676175e+02
1.463091039522882681e+02 1.490832400517966789e+02 1.163971038911676175e+02
1.463102003641560032e+02 1.490832425975675619e+02 1.163971038911676175e+02
1.463079251961005411e+02 1.490818122564754162e+02 1.163971038911676175e+02
1.463066069460493281e+02 1.490804071742328745e+02 1.163971038911676175e+02
1.463072396136016096e+02 1.490789162718721172e+02 1.163971038911676175e+02
1.463069317057965009e+02 1.490775497318273892e+02 1.163971038911676175e+02
1.463053358512833029e+02 1.490754493404618870e+02 1.163971038911676175e+02
1.463055530172779868e+02 1.490729836043392424e+02 1.163971038911676175e+02
1.463044873898324454e+02 1.490723535222942928e+02 1.163971038911676175e+02
1.463023573374599948e+02 1.490742195407344752e+02 1.163971038911676175e+02
1.463026392138533254e+02 1.490736352357920396e+02 1.163971038911676175e+02
1.463028645038136801e+02 1.490744616292812168e+02 1.163971038911676175e+02
1.463037329741150927e+02 1.490745720634160989e+02 1.163971038911676175e+02
1.463044716441596051e+02 1.490752056824106262e+02 1.163971038911676175e+02
1.463068217347735356e+02 1.490761723278920385e+02 1.163971038911676175e+02
1.463066640102324527e+02 1.490743658587333869e+02 1.163971038911676175e+02
1.463094530185430244e+02 1.490754155662828566e+02 1.163971038911676175e+02
1.463112111762270615e+02 1.490766584492495213e+02 1.163971038911676175e+02
1.463110717013109934e+02 1.490754284318714724e+02 1.163971038911676175e+02
1.463142511464148470e+02 1.490769517952217598e+02 1.163971038911676175e+02
1.463170476866322929e+02 1.490789800080668783e+02 1.163971038911676175e+02
1.463174383403177217e+02 1.490790098756219777e+02 1.163971038911676175e+02
1.463185501152779295e+02 1.490803295485068816e+02 1.163971038911676175e+02
1.463176282216072082e+02 1.490793579786381429e+02 1.163971038911676175e+02
1.463162672439667062e+02 1.490762988004059935e+02 1.163971038911676175e+02
1.463127241754948500e+02 1.490730028514987566e+02 1.163971038911676175e+02
1.463115234286631221e+02 1.490738216509997756e+02 1.163971038911676175e+02
1.463127029251971294e+02 1.490759415580145060e+02 1.163971038911676175e+02
1.463147009250177462e+02 1.490777975977381402e+02 1.163971038911676175e+02
1.463131608378659507e+02 1.490775948187989570e+02 1.163971038911676175e+02
1.463127826856018885e+02 1.490759194619551522e+02 1.163971038911676175e+02
1.463113053279236908e+02 1.490765003175159222e+02 1.163971038911676175e+02
1.463114203604818613e+02 1.490783299000124202e+02 1.163971038911676175e+02
1.463144268110096959e+02 1.490811492961204578e+02 1.163971038911676175e+02
1.463133010491767436e+02 1.490823173369215908e+02 1.163971038911676175e+02
1.463142249417341532e+02 1.490853455591764885e+02 1.163971038911676175e+02
1.463143404398903158e+02 1.490879123473958430e+02 1.163971038911676175e+02
1.463168597177717913e+02 1.490896516918882071e+02 1.163971038911676175e+02
1.463184534996580339e+02 1.490921735565028143e+02 1.163971038911676175e+02
1.463180590046792986e+02 1.490931146869826307e+02 1.163971038911676175e+02
1.463201734440837640e+02 1.490943351237628747e+02 1.163971038911676175e+02
1.463192828788405677e+02 1.490929699219872475e+02 1.163971038911676175e+02
1.463173920683938718e+02 1.490921670749419263e+02 1.163971038911676175e+02
1.463192364580386311e+02 1.490967719535074139e+02 1.163971038911676175e+02
1.463216697798601444e+02 1.491013183996642510e+02 1.163971038911676175e+02
1.463173438298583733e+02 1.491004330438827310e+02 1.163971038911676175e+02
1.463142010792865335e+02 1.490986923898768168e+02 1.163971038911676175e+02
1.463113403403874031e+02 1.490975413513539820e+02 1.163971038911676175e+02
1.463075798691175464e+02 1.490929660248351638e+02 1.163971038911676175e+02
1.463075339992286388e+02 1.490918507093360290e+02 1.163971038911676175e+02
1.463048443525109121e+02 1.490876767488870200e+02 1.163971038911676175e+02
1.463021844649601917e+02 1.490837202582912369e+02 1.163971038911676175e+02
1.463005560007356394e+02 1.490810880256669293e+02 1.163971038911676175e+02
1.462984451778476682e+02 1.490812525773883692e+02 1.163971038911676175e+02
1.462967289123224646e+02 1.490803324581258664e+02 1.163971038911676175e+02
1.462970358194365303e+02 1.490805802153039394e+02 1.163971038911676175e+02
1.462957322318949593e+02 1.490812155973695781e+02 1.163971038911676175e+02
1.462946844409997027e+02 1.490810924231859644e+02 1.163971038911676175e+02
1.462930345641622978e+02 1.490800869858784381e+02 1.163971038911676175e+02
1.462900351131521006e+02 1.490764622808459308e+02 1.163971038911676175e+02
1.462887112352122472e+02 1.490752497836967336e+02 1.163971038911676175e+02
1.462885807295303664e+02 1.490745840591388287e+02 1.163971038911676175e+02
1.462881042883471139e+02 1.490728397001968801e+02 1.163971038911676175e+02
1.462897870600033059e+02 1.490714970458790845e+02 1.163971038911676175e+02
1.462909436960540006e+02 1.490718552669355859e+02 1.163971038911676175e+02
1.462911446858939826e+02 1.490749160643452456e+02 1.163971038911676175e+02
1.462890929381534306e+02 1.490735365712900489e+02 1.163971038911676175e+02
1.462891658970705180e+02 1.490725490768698478e+02 1.163971038911676175e+02
1.462896892858149727e+02 1.490731854583010261e+02 1.163971038911676175e+02
1.462905407548085748e+02 1.490726180063271897e+02 1.163971038911676175e+02
1.462882944561772547e+02 1.490701835978459826e+02 1.163971038911676175e+02
1.462897620024623677e+02 1.490715168484182414e+02 1.163971038911676175e+02
1.462903012856294822e+02 1.490717107457850261e+02 1.163971038911676175e+02
1.462918065016205276e+02 1.490744291527090581e+02 1.163971038911676175e+02
1.462928212138472190e+02 1.490738315318765217e+02 1.163971038911676175e+02
1.462914554633279067e+02 1.490720410262706821e+02 1.163971038911676175e+02
1.462903578575413235e+02 1.490679475844161175e+02 1.163971038911676175e+02
1.462925392591209857e+02 1.490680460421707494e+02 1.163971038911676175e+02
1.462916587508942996e+02 1.490688929421614830e+02 1.163971038911676175e+02
1.462898942119116441e+02 1.490687990286754712e+02 1.163971038911676175e+02
1.462885868059477446e+02 1.490704926987067438e+02 1.163971038911676175e+02
1.462913278303040272e+02 1.490711261130517187e+02 1.163971038911676175e+02
1.462927810728125451e+02 1.490718987919348137e+02 1.163971038911676175e+02
1.462931974478075006e+02 1.490715556375270125e+02 1.163971038911676175e+02
1.462921378258017739e+02 1.490681485597140750e+02 1.163971038911676175e+02
1.462916692701466559e+02 1.490683084337027822e+02 1.163971038911676175e+02
1.462916637898100021e+02 1.490681266761231711e+02 1.163971038911676175e+02
1.462936935956221305e+02 1.490683039279166451e+02 1.163971038911676175e+02
1.462956701458849693e+02 1.490701356346862099e+02 1.163971038911676175e+02
1.462979034412531405e+02 1.490717862680864982e+02 1.163971038911676175e+02
1.463002105402580924e+02 1.490740329747020212e+02 1.163971038911676175e+02
1.463028868207134110e+02 1.490754686511542388e+02 1.163971038911676175e+02
1.463058048698357254e+02 1.490772043021413538e+02 1.163971038911676175e+02
1.463061427198082924e+02 1.490757263769067436e+02 1.163971038911676175e+02
1.463051803515751885e+02 1.490762264992757764e+02 1.163971038911676175e+02
1.463067857843502679e+02 1.490770059198585784e+02 1.163971038911676175e+02
1.463061736046652186e+02 1.490758643889456607e+02 1.163971038911676175e+02
1.463046649871030240e+02 1.490750102424104284e+02 1.163971038911676175e+02
1.463061228341895799e+02 1.490764957528234333e+02 1.163971038911676175e+02
1.463061344970938933e+02 1.490770881126094025e+02 1.163971038911676175e+02
1.463055057771719589e+02 1.490766546971235016e+02 1.163971038911676175e+02
1.463048509723940072e+02 1.490788482222650089e+02 1.163971038911676175e+02
1.463045775034876783e+02 1.490784787007697787e+02 1.163971038911676175e+02
1.463031305660685177e+02 1.490769990990512497e+02 1.163971038911676175e+02
1.463008369454227875e+02 1.490763905095668349e+02 1.163971038911676175e+02
1.462983613486318859e+02 1.490747691192270850e+02 1.163971038911676175e+02
1.462979103756017025e+02 1.490743069132340111e+02 1.163971038911676175e+02
1.462980797143067093e+02 1.490758065956226801e+02 1.163971038911676175e+02
1.462970579248520266e+02 1.490751859888994204e+02 1.163971038911676175e+02
1.462956235956486921e+02 1.490752231552640978e+02 1.163971038911676175e+02
1.462937280343126076e+02 1.490755666402361044e+02 1.163971038911676175e+02
1.462930337312639040e+02 1.490758265630801134e+02 1.163971038911676175e+02
1.462934195671773523e+02 1.490778844836631549e+02 1.163971038911676175e+02
1.462949649902939768e+02 1.490788832001682636e+02 1.163971038911676175e+02
1.462947640186580998e+02 1.490795316053266220e+02 1.163971038911676175e+02
1.462939342603993680e+02 1.490813020688136135e+02 1.163971038911676175e+02
1.462963492821295972e+02 1.490834582220945492e+02 1.163971038911676175e+02
1.462967355017700015e+02 1.490843258631966819e+02 1.163971038911676175e+02
1.462952456119942326e+02 1.490831773052996141e+02 1.163971038911676175e+02
1.462966903112098294e+02 1.490832416411667509e+02 1.163971038911676175e+02
1.462972863212119705e+02 1.490854549187339444e+02 1.163971038911676175e+02
1.462925807009301877e+02 1.490834809598748905e+02 1.163971038911676175e+02
1.462915179293221968e+02 1.490816850783304801e+02 1.163971038911676175e+02
1.462896832948132442e+02 1.490828552344027287e+02 1.163971038911676175e+02
1.462859515647933790e+02 1.490810463318047141e+02 1.163971038911676175e+02
1.462803161926417488e+02 1.490779492503396000e+02 1.163971038911676175e+02
1.462785577452650330e+02 1.490781682379897291e+02 1.163971038911676175e+02
1.462797863002248846e+02 1.490798913064252531e+02 1.163971038911676175e+02
1.462766733582774066e+02 1.490789003564550512e+02 1.163971038911676175e+02
1.462772671874180617e+02 1.490794758192015479e+02 1.163971038911676175e+02
1.462756391729049597e+02 1.490773355934088045e+02 1.163971038911676175e+02
1.462746154292265146e+02 1.490753672968514252e+02 1.163971038911676175e+02
1.462742132164556210e+02 1.490723269340161323e+02 1.163971038911676175e+02
1.462753621904233796e+02 1.490711419015914316e+02 1.163971038911676175e+02
1.462770751519360886e+02 1.490731301562065880e+02 1.163971038911676175e+02
1.462782267402118066e+02 1.490741081777812269e+02 1.163971038911676175e+02
1.462787522213435523e+02 1.490746134492500801e+02 1.163971038911676175e+02
1.462791575547619516e+02 1.490747415956385282e+02 1.163971038911676175e+02
1.462817769921152831e+02 1.490759639636351608e+02 1.163971038911676175e+02
1.462816436612960729e+02 1.490774969715681664e+02 1.163971038911676175e+02
1.462828531582007372e+02 1.490782490744812776e+02 1.163971038911676175e+02
1.462863197169700129e+02 1.490791362047013990e+02 1.163971038911676175e+02
1.462863576517916044e+02 1.490768006379226733e+02 1.163971038911676175e+02
1.462885244603345427e+02 1.490776243353319330e+02 1.163971038911676175e+02
1.462904859365193033e+02 1.490774571010248906e+02 1.163971038911676175e+02
1.462918513299342180e+02 1.490768201972624070e+02 1.163971038911676175e+02
1.462906441769965795e+02 1.490761885034127090e+02 1.163971038911676175e+02
1.462920009533767711e+02 1.490735589010968738e+02 1.163971038911676175e+02
1.462913535241363547e+02 1.490716605693895076e+02 1.163971038911676175e+02
1.462916337722164144e+02 1.490719124593857146e+02 1.163971038911676175e+02
1.462943499278059676e+02 1.490746336320123078e+02 1.163971038911676175e+02
1.462947131332876722e+02 1.490771236087865645e+02 1.163971038911676175e+02
1.462954430962263359e+02 1.490775227030579231e+02 1.163971038911676175e+02
1.462957264854172195e+02 1.490776480171692526e+02 1.163971038911676175e+02
1.462930546527624642e+02 1.490761919037168468e+02 1.163971038911676175e+02
1.462897156961265637e+02 1.490730220979926628e+02 1.163971038911676175e+02
1.462888000825129211e+02 1.490723807050284222e+02 1.163971038911676175e+02
1.462896602775299471e+02 1.490737657664588198e+02 1.163971038911676175e+02
1.462875236825168486e+02 1.490727738582128268e+02 1.163971038911676175e+02
1.462881999285984307e+02 1.490738466613667015e+02 1.163971038911676175e+02
1.462873926345093309e+02 1.490718191501201773e+02 1.163971038911676175e+02
1.462873627448513503e+02 1.490695701004998455e+02 1.163971038911676175e+02
1.462844478281509168e+02 1.490650252831404714e+02 1.163971038911676175e+02
1.462847889918509736e+02 1.490659896908537405e+02 1.163971038911676175e+02
1.462847636071450097e+02 1.490640725498849974e+02 1.163971038911676175e+02
1.462838841597044848e+02 1.490614190265663410e+02 1.163971038911676175e+02
1.462829046706392546e+02 1.490616696954761551e+02 1.163971038911676175e+02
1.462859904510958131e+02 1.490626794340714696e+02 1.163971038911676175e+02
1.462897795288872658e+02 1.490662769588423657e+02 1.163971038911676175e+02
1.462896330529931674e+02 1.490657605784043085e+02 1.163971038911676175e+02
1.462898892168843190e+02 1.490642293382518915e+02 1.163971038911676175e+02
1.462919550132027382e+02 1.490649513751531856e+02 1.163971038911676175e+02
1.462928321203333724e+02 1.490661508265303326e+02 1.163971038911676175e+02
1.462925077220746175e+02 1.490665836625718157e+02 1.163971038911676175e+02
1.462917453286299860e+02 1.490672039435946772e+02 1.163971038911676175e+02
1.462891318379977008e+02 1.490667672634726841e+02 1.163971038911676175e+02
1.462894917510164987e+02 1.490656672159035452e+02 1.163971038911676175e+02
1.462893410222894772e+02 1.490657341027527423e+02 1.163971038911676175e+02
1.462894278677527211e+02 1.490629191320827545e+02 1.163971038911676175e+02
1.462920969577975541e+02 1.490648769123660884e+02 1.163971038911676175e+02
1.462923968791284040e+02 1.490640099489220063e+02 1.163971038911676175e+02
1.462919833531935296e+02 1.490652613196926382e+02 1.163971038911676175e+02
1.462893042824271106e+02 1.490632521580304228e+02 1.163971038911676175e+02
1.462884436353041906e+02 1.490628742599947145e+02 1.163971038911676175e+02
1.462897608714385456e+02 1.490614749189156782e+02 1.163971038911676175e+02
1.462908299588088425e+02 1.490608537397525595e+02 1.163971038911676175e+02
1.462935350657841127e+02 1.490602684647530225e+02 1.163971038911676175e+02
1.462957120130314479e+02 1.490608866701199986e+02 1.163971038911676175e+02
1.462961203470594000e+02 1.490579999759621330e+02 1.163971038911676175e+02
1.462939018767984294e+02 1.490558754515098485e+02 1.163971038911676175e+02
1.462922220335418615e+02 1.490554707162979184e+02 1.163971038911676175e+02
1.462902369863736851e+02 1.490543542103676486e+02 1.163971038911676175e+02
1.462875889719451266e+02 1.490514759410613124e+02 1.163971038911676175e+02
1.462848167453721544e+02 1.490501748217835711e+02 1.163971038911676175e+02
1.462839073054329901e+02 1.490494441309702438e+02 1.163971038911676175e+02
1.462875434273300073e+02 1.490526001682771380e+02 1.163971038911676175e+02
1.462903536091197907e+02 1.490564800647501897e+02 1.163971038911676175e+02
1.462914076437070889e+02 1.490580536220770682e+02 1.163971038911676175e+02
1.462918934965024960e+02 1.490580366474797813e+02 1.163971038911676175e+02
1.462937474417182671e+02 1.490586930484305412e+02 1.163971038911676175e+02
1.462960322899182017e+02 1.490609935407906050e+02 1.163971038911676175e+02
1.463008265166281490e+02 1.490630484107682605e+02 1.163971038911676175e+02
1.463060164869295079e+02 1.490688489787960975e+02 1.163971038911676175e+02
1.463077556064209261e+02 1.490715393541195226e+02 1.163971038911676175e+02
1.463029001661512041e+02 1.490676935331603659e+02 1.163971038911676175e+02
1.463023600956032340e+02 1.490641178180866859e+02 1.163971038911676175e+02
1.463038744598766812e+02 1.490631243610066576e+02 1.163971038911676175e+02
1.463078379165223453e+02 1.490627831724776229e+02 1.163971038911676175e+02
1.463108468228671484e+02 1.490634531481142062e+02 1.163971038911676175e+02
1.463134376320031720e+02 1.490635821430354895e+02 1.163971038911676175e+02
1.463152626625259813e+02 1.490655541107478825e+02 1.163971038911676175e+02
1.463129296737147058e+02 1.490650611533155256e+02 1.163971038911676175e+02
1.463096240777091737e+02 1.490653713154180195e+02 1.163971038911676175e+02
1.463063110608249815e+02 1.490652520862010419e+02 1.163971038911676175e+02
1.463065627184812456e+02 1.490666873153824667e+02 1.163971038911676175e+02
1.463048456923274898e+02 1.490651851011704139e+02 1.163971038911676175e+02
1.463046908299541258e+02 1.490657444385177826e+02 1.163971038911676175e+02
1.463072763729514918e+02 1.490686235619044737e+02 1.163971038911676175e+02
1.463095881142205883e+02 1.490706745156093120e+02 1.163971038911676175e+02
1.463086630407317443e+02 1.490716105741782940e+02 1.163971038911676175e+02
1.463071217038602185e+02 1.490706165896326638e+02 1.163971038911676175e+02
1.463055336002632032e+02 1.490707333706945406e+02 1.163971038911676175e+02
1.463012091769700760e+02 1.490685001966390644e+02 1.163971038911676175e+02
1.462962741845474284e+02 1.490653783696845665e+02 1.163971038911676175e+02
1.462935904020185944e+02 1.490632620261395118e+02 1.163971038911676175e+02
1.462940277700314482e+02 1.490636638797334399e+02 1.163971038911676175e+02
1.462979708536404644e+02 1.490681043101988621e+02 1.163971038911676175e+02
1.463019566779802858e+02 1.490705260103416094e+02 1.163971038911676175e+02
1.463038089158440016e+02 1.490737525026856076e+02 1.163971038911676175e+02
1.463012738921992195e+02 1.490712092526694050e+02 1.163971038911676175e+02
1.463017442606169425e+02 1.490709477913849526e+02 1.163971038911676175e+02
1.463027691288212964e+02 1.490724075024434683e+02 1.163971038911676175e+02
1.463019815163336546e+02 1.490712106267631896e+02 1.163971038911676175e+02
1.463016357978294479e+02 1.490706459371377548e+02 1.163971038911676175e+02
1.463019859252116817e+02 1.490711137914802293e+02 1.163971038911676175e+02
1.463024666597626720e+02 1.490735200065140020e+02 1.163971038911676175e+02
1.463028726652166824e+02 1.490749346359538663e+02 1.163971038911676175e+02
1.463018845945503301e+02 1.490734457684583276e+02 1.163971038911676175e+02
1.462996399612395919e+02 1.490702188099584191e+02 1.163971038911676175e+02
1.463003163095440868e+02 1.490713990920249614e+02 1.163971038911676175e+02
1.463013688286979175e+02 1.490725844693592990e+02 1.163971038911676175e+02
1.463013916654162472e+02 1.490713063266555309e+02 1.163971038911676175e+02
1.463028698872147402e+02 1.490717932541608661e+02 1.163971038911676175e+02
1.463014792118787568e+02 1.490729744282118361e+02 1.163971038911676175e+02
1.463005781275068671e+02 1.490711471149144245e+02 1.163971038911676175e+02
1.462977819891960962e+02 1.490686067700005992e+02 1.163971038911676175e+02
1.462954668463537189e+02 1.490661250052056062e+02 1.163971038911676175e+02
1.462959903337503533e+02 1.490667227631490732e+02 1.163971038911676175e+02
1.462958233323806496e+02 1.490678146904226651e+02 1.163971038911676175e+02
1.462952743038050016e+02 1.490672968221941233e+02 1.163971038911676175e+02
1.462949790608072647e+02 1.490685383536292079e+02 1.163971038911676175e+02
1.462951169063415477e+02 1.490697347991391837e+02 1.163971038911676175e+02
1.462951846261154287e+02 1.490707281683524741e+02 1.163971038911676175e+02
1.462966313384445129e+02 1.490706515273641344e+02 1.163971038911676175e+02
1.462961706209782733e+02 1.490716923394952005e+02 1.163971038911676175e+02
1.462945607784114372e+02 1.490709262838795155e+02 1.163971038911676175e+02
1.462947016450344790e+02 1.490712728071935658e+02 1.163971038911676175e+02
1.462938170451421342e+02 1.490706277646774822e+02 1.163971038911676175e+02
1.462932230612512399e+02 1.490693141607651739e+02 1.163971038911676175e+02
1.462905847188129371e+02 1.490667118541141463e+02 1.163971038911676175e+02
1.462917179108078187e+02 1.490647243240235014e+02 1.163971038911676175e+02
1.462924351590952767e+02 1.490643306043216967e+02 1.163971038911676175e+02
1.462935324452736268e+02 1.490642250351781399e+02 1.163971038911676175e+02
1.462953572174437227e+02 1.490654041026039351e+02 1.163971038911676175e+02
1.462951839730064876e+02 1.490668603578260445e+02 1.163971038911676175e+02
1.462946290194514916e+02 1.490679728886282760e+02 1.163971038911676175e+02
1.462946676224929661e+02 1.490699883840225084e+02 1.163971038911676175e+02
1.462951057927775196e+02 1.490717909502512271e+02 1.163971038911676175e+02
1.462965418014993588e+02 1.490738317011537788e+02 1.163971038911676175e+02
1.462965444012236844e+02 1.490739541448802754e+02 1.163971038911676175e+02
1.462976842978445688e+02 1.490742451151609202e+02 1.163971038911676175e+02
1.462962596717338783e+02 1.490718772224919064e+02 1.163971038911676175e+02
1.462958286749288845e+02 1.490710779989100274e+02 1.163971038911676175e+02
1.462989314577188509e+02 1.490737485386968046e+02 1.163971038911676175e+02
1.462994880356545195e+02 1.490754425021405609e+02 1.163971038911676175e+02
1.462967167436594309e+02 1.490745124533392811e+02 1.163971038911676175e+02
1.462961527632971013e+02 1.490734338112128512e+02 1.163971038911676175e+02
1.462951974468189462e+02 1.490742680213715801e+02 1.163971038911676175e+02
1.462942125772893291e+02 1.490739160648411428e+02 1.163971038911676175e+02
1.462909711260653012e+02 1.490735062506807367e+02 1.163971038911676175e+02
1.462880805960431871e+02 1.490734677520819105e+02 1.163971038911676175e+02
1.462875989957533989e+02 1.490742466811446434e+02 1.163971038911676175e+02
1.462892168826605825e+02 1.490741189218139198e+02 1.163971038911676175e+02
1.462906911492165136e+02 1.490761536316479692e+02 1.163971038911676175e+02
1.462892539100545264e+02 1.490767768889068066e+02 1.163971038911676175e+02
1.462873309847724954e+02 1.490753890102695323e+02 1.163971038911676175e+02
1.462879102710094799e+02 1.490754633336163124e+02 1.163971038911676175e+02
1.462882170929867698e+02 1.490743207146169311e+02 1.163971038911676175e+02
1.462904344198955755e+02 1.490755973901987090e+02 1.163971038911676175e+02
1.462910516189395480e+02 1.490767265595740696e+02 1.163971038911676175e+02
1.462921130074030316e+02 1.490793110632624234e+02 1.163971038911676175e+02
1.462956524270942680e+02 1.490810544538659883e+02 1.163971038911676175e+02
1.462948094753824648e+02 1.490817472967551680e+02 1.163971038911676175e+02
1.462957205206546121e+02 1.490818754800183683e+02 1.163971038911676175e+02
1.462973138155354889e+02 1.490834081914283615e+02 1.163971038911676175e+02
1.462981192497646248e+02 1.490844849121730249e+02 1.163971038911676175e+02
1.462940251465003030e+02 1.490832816393574376e+02 1.163971038911676175e+02
1.462898784570856492e+02 1.490815720505129320e+02 1.163971038911676175e+02
1.462852584154433089e+02 1.490787091082923439e+02 1.163971038911676175e+02
1.462835718358613235e+02 1.490765280141658877e+02 1.163971038911676175e+02
1.462845778458026018e+02 1.490792719915148155e+02 1.163971038911676175e+02
1.462858408095503364e+02 1.490809634582049057e+02 1.163971038911676175e+02
1.462835133677245381e+02 1.490796545074869641e+02 1.163971038911676175e+02
1.462831748462278085e+02 1.490809400112364642e+02 1.163971038911676175e+02
1.462827480404068865e+02 1.490798036107129860e+02 1.163971038911676175e+02
1.462812373869370219e+02 1.490782065939000347e+02 1.163971038911676175e+02
1.462817528927661783e+02 1.490782249967045345e+02 1.163971038911676175e+02
1.462821873402807853e+02 1.490790506684750767e+02 1.163971038911676175e+02
1.462828046597578293e+02 1.490798983142593102e+02 1.163971038911676175e+02
1.462786296757999196e+02 1.490752530453608529e+02 1.163971038911676175e+02
1.462772642533603573e+02 1.490738152228375384e+02 1.163971038911676175e+02
1.462763154976274222e+02 1.490729520695496433e+02 1.163971038911676175e+02
1.462764335082342200e+02 1.490728670103070499e+02 1.163971038911676175e+02
1.462746953934408225e+02 1.490726961197991614e+02 1.163971038911676175e+02
1.462731553252194772e+02 1.490727149192150591e+02 1.163971038911676175e+02
1.462737227335373973e+02 1.490740900075400077e+02 1.163971038911676175e+02
1.462727931019959442e+02 1.490729641879455016e+02 1.163971038911676175e+02
1.462707869294147258e+02 1.490702124529958326e+02 1.163971038911676175e+02
1.462705821151402006e+02 1.490684422796843478e+02 1.163971038911676175e+02
1.462675158298997644e+02 1.490667218017670166e+02 1.163971038911676175e+02
1.462668307701788422e+02 1.490653530230613342e+02 1.163971038911676175e+02
1.462674854439600267e+02 1.490656619451171707e+02 1.163971038911676175e+02
1.462681296880458603e+02 1.490662077728197801e+02 1.163971038911676175e+02
1.462712812081609854e+02 1.490718863476083698e+02 1.163971038911676175e+02
1.462720680877637847e+02 1.490739973347905334e+02 1.163971038911676175e+02
1.462704823544546002e+02 1.490711374049476490e+02 1.163971038911676175e+02
1.462686674191303382e+02 1.490699624855247407e+02 1.163971038911676175e+02
1.462701322708951750e+02 1.490707291174419993e+02 1.163971038911676175e+02
1.462718696225159078e+02 1.490711354661362407e+02 1.163971038911676175e+02
1.462722859582837032e+02 1.490700127314117367e+02 1.163971038911676175e+02
1.462678149571266033e+02 1.490677433003133388e+02 1.163971038911676175e+02
1.462678768816065258e+02 1.490676741100678271e+02 1.163971038911676175e+02
1.462717747780920661e+02 1.490710943406731417e+02 1.163971038911676175e+02
1.462745002951848790e+02 1.490757937859462459e+02 1.163971038911676175e+02
1.462751379500462008e+02 1.490755985407986373e+02 1.163971038911676175e+02
1.462776061251542217e+02 1.490767007654120562e+02 1.163971038911676175e+02
1.462800352826520793e+02 1.490779309809015558e+02 1.163971038911676175e+02
1.462803236614904563e+02 1.490764563603281943e+02 1.163971038911676175e+02
1.462796615980382171e+02 1.490755479673225921e+02 1.163971038911676175e+02
1.462805196243887735e+02 1.490757931655918469e+02 1.163971038911676175e+02
1.462791511468653596e+02 1.490732528739106328e+02 1.163971038911676175e+02
1.462800737674708387e+02 1.490708583860485987e+02 1.163971038911676175e+02
1.462827548475650588e+02 1.490717311310431796e+02 1.163971038911676175e+02
1.462850260009016097e+02 1.490687309528263427e+02 1.163971038911676175e+02
1.462864056613929620e+02 1.490678593808021901e+02 1.163971038911676175e+02
1.462855727175899005e+02 1.490659842590204676e+02 1.163971038911676175e+02
1.462845728975210875e+02 1.490657685402990182e+02 1.163971038911676175e+02
1.462849242810326587e+02 1.490637855062352060e+02 1.163971038911676175e+02
1.462851844907198995e+02 1.490635065618341173e+02 1.163971038911676175e+02
1.462887512802644210e+02 1.490649995840686870e+02 1.163971038911676175e+02
1.462904659753637020e+02 1.490650559212208464e+02 1.163971038911676175e+02
1.462888395720805192e+02 1.490649486629024523e+02 1.163971038911676175e+02
1.462896816207387474e+02 1.490642753321992018e+02 1.163971038911676175e+02
1.462914987414643520e+02 1.490657583270066482e+02 1.163971038911676175e+02
1.462911333539303769e+02 1.490659378410406362e+02 1.163971038911676175e+02
1.462907362386433761e+02 1.490671144222766316e+02 1.163971038911676175e+02
1.462903038553641863e+02 1.490666429452602415e+02 1.163971038911676175e+02
1.462888437747541843e+02 1.490667746361628474e+02 1.163971038911676175e+02
1.462859705128924759e+02 1.490634320494389158e+02 1.163971038911676175e+02
1.462859192369887182e+02 1.490600784053304437e+02 1.163971038911676175e+02
1.462862000443083730e+02 1.490579195471447349e+02 1.163971038911676175e+02
1.462892971103054265e+02 1.490608490949477414e+02 1.163971038911676175e+02
1.462908101845554256e+02 1.490632540257238645e+02 1.163971038911676175e+02
1.462901949264473842e+02 1.490633128238281415e+02 1.163971038911676175e+02
1.462867204915556840e+02 1.490594342843973834e+02 1.163971038911676175e+02
1.462862057575349013e+02 1.490576893470761206e+02 1.163971038911676175e+02
1.462864077346940235e+02 1.490556845632103204e+02 1.163971038911676175e+02
1.462859792301537141e+02 1.490567848017713004e+02 1.163971038911676175e+02
1.462855097250617291e+02 1.490584961966094397e+02 1.163971038911676175e+02
1.462876109833606506e+02 1.490598452091749380e+02 1.163971038911676175e+02
1.462896794848705895e+02 1.490619059330111043e+02 1.163971038911676175e+02
1.462929371239471266e+02 1.490662830036191338e+02 1.163971038911676175e+02
1.462933610162929199e+02 1.490663534876092911e+02 1.163971038911676175e+02
1.462933921060069338e+02 1.490666927807347690e+02 1.163971038911676175e+02
1.462934014246921492e+02 1.490645296504044950e+02 1.163971038911676175e+02
1.462942501808577447e+02 1.490626989151512305e+02 1.163971038911676175e+02
1.462963389110013566e+02 1.490619969942506202e+02 1.163971038911676175e+02
1.462976057923318649e+02 1.490622323817629535e+02 1.163971038911676175e+02
1.462995032058872766e+02 1.490641780900947424e+02 1.163971038911676175e+02
1.463009303797688290e+02 1.490665231843946117e+02 1.163971038911676175e+02
1.463018371995470943e+02 1.490668429503562038e+02 1.163971038911676175e+02
1.463011118589043349e+02 1.490665893492295879e+02 1.163971038911676175e+02
1.462986803656289396e+02 1.490645349763788090e+02 1.163971038911676175e+02
1.462970032378963765e+02 1.490651214983462012e+02 1.163971038911676175e+02
1.462960287792317899e+02 1.490661979673280939e+02 1.163971038911676175e+02
1.462949076198742659e+02 1.490669279367145919e+02 1.163971038911676175e+02
1.462931524570874444e+02 1.490673664186792280e+02 1.163971038911676175e+02
1.462921310437025681e+02 1.490671115045308284e+02 1.163971038911676175e+02
1.462906075970293216e+02 1.490652522064781351e+02 1.163971038911676175e+02
1.462891070026617513e+02 1.490651035368979365e+02 1.163971038911676175e+02
1.462893510534740358e+02 1.490666420844628419e+02 1.163971038911676175e+02
1.462897323985978915e+02 1.490669350411108383e+02 1.163971038911676175e+02
1.462876672496912533e+02 1.490644292888973155e+02 1.163971038911676175e+02
1.462879743211031496e+02 1.490639731195977333e+02 1.163971038911676175e+02
1.462891297696531865e+02 1.490645858589774093e+02 1.163971038911676175e+02
1.462906686071182492e+02 1.490664211166055964e+02 1.163971038911676175e+02
1.462911685062964580e+02 1.490677727285492722e+02 1.163971038911676175e+02
1.462909825241214037e+02 1.490670901943673243e+02 1.163971038911676175e+02
1.462906838260522591e+02 1.490679778675952889e+02 1.163971038911676175e+02
1.462910664250269974e+02 1.490686989688808808e+02 1.163971038911676175e+02
1.462907188547805504e+02 1.490691164633421408e+02 1.163971038911676175e+02
1.462952822990783375e+02 1.490717299979193342e+02 1.163971038911676175e+02
1.462981670771795564e+02 1.490736019606674745e+02 1.163971038911676175e+02
1.463001760998029681e+02 1.490755923587373104e+02 1.163971038911676175e+02
1.463008863762871670e+02 1.490749342284066188e+02 1.163971038911676175e+02
1.463016925004026234e+02 1.490742708871902380e+02 1.163971038911676175e+02
1.463002129217672973e+02 1.490732982134763915e+02 1.163971038911676175e+02
1.463017561560107538e+02 1.490747278751648253e+02 1.163971038911676175e+02
1.463005449792227921e+02 1.490725492633047509e+02 1.163971038911676175e+02
1.462971867155077348e+02 1.490693909918841769e+02 1.163971038911676175e+02
1.462951015391228964e+02 1.490671318677636918e+02 1.163971038911676175e+02
1.462959009851638257e+02 1.490681547888423779e+02 1.163971038911676175e+02
1.462957028581982968e+02 1.490693360870529034e+02 1.163971038911676175e+02
1.462935669352171999e+02 1.490682374457469450e+02 1.163971038911676175e+02
1.462944673662204877e+02 1.490685130694727150e+02 1.163971038911676175e+02
1.462980194703892209e+02 1.490723533725032439e+02 1.163971038911676175e+02
1.463004807979072837e+02 1.490738568323475022e+02 1.163971038911676175e+02
1.463017395463171511e+02 1.490755581663227360e+02 1.163971038911676175e+02
1.462993836454552934e+02 1.490745998307243099e+02 1.163971038911676175e+02
1.462991043658322496e+02 1.490758583035711808e+02 1.163971038911676175e+02
1.463006456304694325e+02 1.490772199585280191e+02 1.163971038911676175e+02
1.463015871668087584e+02 1.490787172408803372e+02 1.163971038911676175e+02
1.463022546621525066e+02 1.490801674036737268e+02 1.163971038911676175e+02
1.462994508880877333e+02 1.490806401864742270e+02 1.163971038911676175e+02
1.462966175345463569e+02 1.490800206370211640e+02 1.163971038911676175e+02
1.462949817225314177e+02 1.490797135088409675e+02 1.163971038911676175e+02
1.462942785569680382e+02 1.490800941758276110e+02 1.163971038911676175e+02
1.462922571450203861e+02 1.490784153663299776e+02 1.163971038911676175e+02
1.462940307636191619e+02 1.490795825378229722e+02 1.163971038911676175e+02
1.462938207809039568e+02 1.490788758718247493e+02 1.163971038911676175e+02
1.462962460342826034e+02 1.490794701693634465e+02 1.163971038911676175e+02
1.462963378135844721e+02 1.490797427762508960e+02 1.163971038911676175e+02
1.462968693512598293e+02 1.490805255921703463e+02 1.163971038911676175e+02
1.462975103753448707e+02 1.490815052267577983e+02 1.163971038911676175e+02
1.462991424175301063e+02 1.490812204324926142e+02 1.163971038911676175e+02
1.462983892154841215e+02 1.490791149779102511e+02 1.163971038911676175e+02
1.462977722117614690e+02 1.490781168424040288e+02 1.163971038911676175e+02
1.462965668983219985e+02 1.490784805701908908e+02 1.163971038911676175e+02
1.462948427501637525e+02 1.490770898256824353e+02 1.163971038911676175e+02
1.462938351886367911e+02 1.490760573218514935e+02 1.163971038911676175e+02
1.462972104968299050e+02 1.490778517400806891e+02 1.163971038911676175e+02
1.463006199562498182e+02 1.490801831488129210e+02 1.163971038911676175e+02
1.462994244762573999e+02 1.490784777758080963e+02 1.163971038911676175e+02
1.463001059591177295e+02 1.490793062400441045e+02 1.163971038911676175e+02
1.463018320036625823e+02 1.490801639411148471e+02 1.163971038911676175e+02
1.463013589641088572e+02 1.490791400411376912e+02 1.163971038911676175e+02
1.463012409246872494e+02 1.490764012650591326e+02 1.163971038911676175e+02
1.463026348874055884e+02 1.490756331604914635e+02 1.163971038911676175e+02
1.463039083627901391e+02 1.490750941200726629e+02 1.163971038911676175e+02
1.463036710482921592e+02 1.490738048171537571e+02 1.163971038911676175e+02
1.463027618528878122e+02 1.490724057902880304e+02 1.163971038911676175e+02
1.463040037039820618e+02 1.490707197072746624e+02 1.163971038911676175e+02
1.463026395684961471e+02 1.490684518612889917e+02 1.163971038911676175e+02
1.462997259406693615e+02 1.490670051770624696e+02 1.163971038911676175e+02
1.463003003655432508e+02 1.490666073551332715e+02 1.163971038911676175e+02
1.463001026031139418e+02 1.490674497497118978e+02 1.163971038911676175e+02
1.463011925212354640e+02 1.490683848988232683e+02 1.163971038911676175e+02
1.463001916889975860e+02 1.490703518083117274e+02 1.163971038911676175e+02
1.463001088032075359e+02 1.490712634498331681e+02 1.163971038911676175e+02
1.462997809286680422e+02 1.490732281141173416e+02 1.163971038911676175e+02
1.462997133630402686e+02 1.490742893375085885e+02 1.163971038911676175e+02
1.463015657764888715e+02 1.490770939253816891e+02 1.163971038911676175e+02
1.463002158230754617e+02 1.490749185617303851e+02 1.163971038911676175e+02
1.462983861162772428e+02 1.490734427132341580e+02 1.163971038911676175e+02
1.462973993033516535e+02 1.490723942250070309e+02 1.163971038911676175e+02
1.462956715311294147e+02 1.490707215532301007e+02 1.163971038911676175e+02
1.462970513210149477e+02 1.490710886949345308e+02 1.163971038911676175e+02
1.462971812354028316e+02 1.490702864033763717e+02 1.163971038911676175e+02
1.462988750203911366e+02 1.490717363043825117e+02 1.163971038911676175e+02
1.462989584852316227e+02 1.490723029504688668e+02 1.163971038911676175e+02
1.462994496657397008e+02 1.490724432563136759e+02 1.163971038911676175e+02
1.462976405522898631e+02 1.490717741840726944e+02 1.163971038911676175e+02
1.462974753726175550e+02 1.490716050933489782e+02 1.163971038911676175e+02
1.462958063216500193e+02 1.490681817947468630e+02 1.163971038911676175e+02
1.462935953109211482e+02 1.490646176956440172e+02 1.163971038911676175e+02
1.462912904982279656e+02 1.490618710904686282e+02 1.163971038911676175e+02
1.462895638419615807e+02 1.490593752335137196e+02 1.163971038911676175e+02
1.462897988544038412e+02 1.490583534295750212e+02 1.163971038911676175e+02
1.462882757007230339e+02 1.490583920358010914e+02 1.163971038911676175e+02
1.462883875946374133e+02 1.490575455620320326e+02 1.163971038911676175e+02
1.462876855615295995e+02 1.490580094793251362e+02 1.163971038911676175e+02
1.462859608129069784e+02 1.490561156676279211e+02 1.163971038911676175e+02
1.462879489898691645e+02 1.490568421389542664e+02 1.163971038911676175e+02
1.462892772048733150e+02 1.490595274138829041e+02 1.163971038911676175e+02
1.462892915824770057e+02 1.490594253218109202e+02 1.163971038911676175e+02
1.462910714983347304e+02 1.490598949128495576e+02 1.163971038911676175e+02
1.462923485323086652e+02 1.490611469996160849e+02 1.163971038911676175e+02
1.462961379161873197e+02 1.490642352757804758e+02 1.163971038911676175e+02
1.462976091022403011e+02 1.490662287004733457e+02 1.163971038911676175e+02
1.462983676692542758e+02 1.490660631023295650e+02 1.163971038911676175e+02
1.462986780745602005e+02 1.490651588686739615e+02 1.163971038911676175e+02
1.463025699233883188e+02 1.490663930732276299e+02 1.163971038911676175e+02
1.463027305009283339e+02 1.490649715987556192e+02 1.163971038911676175e+02
1.463028975858196077e+02 1.490650050016655257e+02 1.163971038911676175e+02
1.463035348832452769e+02 1.490639092347973929e+02 1.163971038911676175e+02
1.463028067343675787e+02 1.490609131424160978e+02 1.163971038911676175e+02
1.463062210666812462e+02 1.490621909451859892e+02 1.163971038911676175e+02
1.463095821050999064e+02 1.490645446468544151e+02 1.163971038911676175e+02
1.463101313622179873e+02 1.490652867074608139e+02 1.163971038911676175e+02
1.463109343222592997e+02 1.490669181327821207e+02 1.163971038911676175e+02
1.463092734866658589e+02 1.490665118576855548e+02 1.163971038911676175e+02
1.463115914319044180e+02 1.490664028317152088e+02 1.163971038911676175e+02
1.463105648210359391e+02 1.490646899560371708e+02 1.163971038911676175e+02
1.463097466758558767e+02 1.490629270731024576e+02 1.163971038911676175e+02
1.463096867406549109e+02 1.490621582080067355e+02 1.163971038911676175e+02
1.463073154105408094e+02 1.490610901211633177e+02 1.163971038911676175e+02
1.463083764174421049e+02 1.490602081037305027e+02 1.163971038911676175e+02
1.463103558177259060e+02 1.490593466008806445e+02 1.163971038911676175e+02
1.463105302409630895e+02 1.490576714551675650e+02 1.163971038911676175e+02
1.463095682933635544e+02 1.490561186484846417e+02 1.163971038911676175e+02
1.463078791095563815e+02 1.490544044640343202e+02 1.163971038911676175e+02
1.463085493111435369e+02 1.490554218494646079e+02 1.163971038911676175e+02
1.463080370948691211e+02 1.490568678040515067e+02 1.163971038911676175e+02
1.463103689577232558e+02 1.490590753866025011e+02 1.163971038911676175e+02
1.463104999209550101e+02 1.490601289573415897e+02 1.163971038911676175e+02
1.463090935783161228e+02 1.490601240194245065e+02 1.163971038911676175e+02
1.463083319119382111e+02 1.490611857679494960e+02 1.163971038911676175e+02
1.463096159840679888e+02 1.490611773245793188e+02 1.163971038911676175e+02
1.463080019581019258e+02 1.490601089891325159e+02 1.163971038911676175e+02
1.463061161830174228e+02 1.490584999717592609e+02 1.163971038911676175e+02
1.463064625299084582e+02 1.490590656943878116e+02 1.163971038911676175e+02
1.463076594338318159e+02 1.490599812955771597e+02 1.163971038911676175e+02
1.463077855342159523e+02 1.490608728702855785e+02 1.163971038911676175e+02
1.463064780904188638e+02 1.490596192600312975e+02 1.163971038911676175e+02
1.463050859948152720e+02 1.490585464105022311e+02 1.163971038911676175e+02
1.463042710357649696e+02 1.490576334818033502e+02 1.163971038911676175e+02
1.463018292320786884e+02 1.490558978461288575e+02 1.163971038911676175e+02
1.463025485050071097e+02 1.490570433218773019e+02 1.163971038911676175e+02
1.463042183431138312e+02 1.490591795036255576e+02 1.163971038911676175e+02
1.463072802346226524e+02 1.490611854328068375e+02 1.163971038911676175e+02
1.463073962404440067e+02 1.490616381229879437e+02 1.163971038911676175e+02
1.463085467842116145e+02 1.490635914640214708e+02 1.163971038911676175e+02
1.463090439812287684e+02 1.490649989583546926e+02 1.163971038911676175e+02
1.463118040527277515e+02 1.490672144576321898e+02 1.163971038911676175e+02
1.463137471292631346e+02 1.490676975502230448e+02 1.163971038911676175e+02
1.463165741115187188e+02 1.490709726497775591e+02 1.163971038911676175e+02
1.463181166771263690e+02 1.490733314115140047e+02 1.163971038911676175e+02
1.463162403501786457e+02 1.490727802795765342e+02 1.163971038911676175e+02
1.463139484639456498e+02 1.490713327264923009e+02 1.163971038911676175e+02
1.463113652422986206e+02 1.490699722461264969e+02 1.163971038911676175e+02
1.463095217068937473e+02 1.490695995022879572e+02 1.163971038911676175e+02
1.463114312665069860e+02 1.490713734085396140e+02 1.163971038911676175e+02
1.463130510427453714e+02 1.490718365365530076e+02 1.163971038911676175e+02
1.463159210395368746e+02 1.490715019959618814e+02 1.163971038911676175e+02
1.463144754269049201e+02 1.490693079428525039e+02 1.163971038911676175e+02
1.463141777475181868e+02 1.490680802582228353e+02 1.163971038911676175e+02
1.463165337116151363e+02 1.490672510604970853e+02 1.163971038911676175e+02
1.463157515740153372e+02 1.490664408624301700e+02 1.163971038911676175e+02
1.463163680042917463e+02 1.490657916967544452e+02 1.163971038911676175e+02
1.463179507320219841e+02 1.490662369298305236e+02 1.163971038911676175e+02
1.463189989104324127e+02 1.490671886161399584e+02 1.163971038911676175e+02
1.463181599000872666e+02 1.490657484414587657e+02 1.163971038911676175e+02
1.463189066751329221e+02 1.490661459536864299e+02 1.163971038911676175e+02
1.463197473425379371e+02 1.490671889836708033e+02 1.163971038911676175e+02
1.463184399168473533e+02 1.490664011251207342e+02 1.163971038911676175e+02
1.463201964691340891e+02 1.490666526908736955e+02 1.163971038911676175e+02
1.463221297872433979e+02 1.490673624733711904e+02 1.163971038911676175e+02
1.463236338884144061e+02 1.490697623101001454e+02 1.163971038911676175e+02
1.463246079776187116e+02 1.490694355582452317e+02 1.163971038911676175e+02
1.463238795099272238e+02 1.490689676598212543e+02 1.163971038911676175e+02
1.463254664246800871e+02 1.490685898753937408e+02 1.163971038911676175e+02
1.463235693001144000e+02 1.490676003120495352e+02 1.163971038911676175e+02
1.463249551953018681e+02 1.490676496649917340e+02 1.163971038911676175e+02
1.463250193706466007e+02 1.490674542557934501e+02 1.163971038911676175e+02
1.463219844551331335e+02 1.490656603966039029e+02 1.163971038911676175e+02
1.463215111730538638e+02 1.490642149751817556e+02 1.163971038911676175e+02
1.463188627151973833e+02 1.490605091009671241e+02 1.163971038911676175e+02
1.463179161459457021e+02 1.490603904241978341e+02 1.163971038911676175e+02
1.463194278144221698e+02 1.490627874259831742e+02 1.163971038911676175e+02
1.463166809364871881e+02 1.490631893649552069e+02 1.163971038911676175e+02
1.463155654806909070e+02 1.490651514749191620e+02 1.163971038911676175e+02
1.463153312457001789e+02 1.490680020907230698e+02 1.163971038911676175e+02
1.463126556696516047e+02 1.490676945046971014e+02 1.163971038911676175e+02
1.463111777150970170e+02 1.490650166560294565e+02 1.163971038911676175e+02
1.463097011299061592e+02 1.490638809672652769e+02 1.163971038911676175e+02
1.463076090171217913e+02 1.490627692170072578e+02 1.163971038911676175e+02
1.463041422803306091e+02 1.490613029708224531e+02 1.163971038911676175e+02
1.463067763423282486e+02 1.490635611523491662e+02 1.163971038911676175e+02
1.463084199838416453e+02 1.490651583283530215e+02 1.163971038911676175e+02
1.463098316370763428e+02 1.490665665144448155e+02 1.163971038911676175e+02
1.463087101013205142e+02 1.490645416172781097e+02 1.163971038911676175e+02
1.463062834514352630e+02 1.490632591575581785e+02 1.163971038911676175e+02
1.463075811625402025e+02 1.490624961246636531e+02 1.163971038911676175e+02
1.463068303846379195e+02 1.490615326624115369e+02 1.163971038911676175e+02
1.463056041806830763e+02 1.490594467085602730e+02 1.163971038911676175e+02
1.463060281391014996e+02 1.490622115499990059e+02 1.163971038911676175e+02
1.463058858407964067e+02 1.490644744935513586e+02 1.163971038911676175e+02
1.463080102688975330e+02 1.490673972270399474e+02 1.163971038911676175e+02
1.463089829161114892e+02 1.490709660605703277e+02 1.163971038911676175e+02
1.463099394615464348e+02 1.490743916237255462e+02 1.163971038911676175e+02
1.463102295761199230e+02 1.490770106744279246e+02 1.163971038911676175e+02
1.463113282941607167e+02 1.490795548479790682e+02 1.163971038911676175e+02
1.463114104010653023e+02 1.490801020250711986e+02 1.163971038911676175e+02
1.463097797911349858e+02 1.490767654570716161e+02 1.163971038911676175e+02
1.463084530223930813e+02 1.490753597763753078e+02 1.163971038911676175e+02
1.463061272147213288e+02 1.490753488377542908e+02 1.163971038911676175e+02
1.463050362127064545e+02 1.490745356920704694e+02 1.163971038911676175e+02
1.463048212144410058e+02 1.490750136694219350e+02 1.163971038911676175e+02
1.463056611748919522e+02 1.490749023169782959e+02 1.163971038911676175e+02
1.463035139708649695e+02 1.490728163213407242e+02 1.163971038911676175e+02
1.463008881817756901e+02 1.490704032317602241e+02 1.163971038911676175e+02
1.463026003439471765e+02 1.490718836590038734e+02 1.163971038911676175e+02
1.463050014550166793e+02 1.490710636482253335e+02 1.163971038911676175e+02
1.463097297774773438e+02 1.490718619026575027e+02 1.163971038911676175e+02
1.463106537813696946e+02 1.490732372603532099e+02 1.163971038911676175e+02
1.463141777610042595e+02 1.490736553837949714e+02 1.163971038911676175e+02
1.463145118921910921e+02 1.490757836941732251e+02 1.163971038911676175e+02
1.463157992776876881e+02 1.490776405672446003e+02 1.163971038911676175e+02
1.463149743375308276e+02 1.490803222613985497e+02 1.163971038911676175e+02
1.463167471682239125e+02 1.490817078942278897e+02 1.163971038911676175e+02
1.463193417157274894e+02 1.490826733126498311e+02 1.163971038911676175e+02
1.463195545908759811e+02 1.490829935041655858e+02 1.163971038911676175e+02
1.463194600907858387e+02 1.490818487206143459e+02 1.163971038911676175e+02
1.463164506723914826e+02 1.490803498465011785e+02 1.163971038911676175e+02
1.463162545723000676e+02 1.490825392115298769e+02 1.163971038911676175e+02
1.463139262705699934e+02 1.490817267219230473e+02 1.163971038911676175e+02
1.463135356816268882e+02 1.490839543458476442e+02 1.163971038911676175e+02
1.463144303903678178e+02 1.490837721534435900e+02 1.163971038911676175e+02
1.463148909813240266e+02 1.490839269679139250e+02 1.163971038911676175e+02
1.463156856669791637e+02 1.490853851341791483e+02 1.163971038911676175e+02
1.463174416679766523e+02 1.490892571755888412e+02 1.163971038911676175e+02
1.463191119244435470e+02 1.490914454659064177e+02 1.163971038911676175e+02
1.463211588553332660e+02 1.490943362466740325e+02 1.163971038911676175e+02
1.463207986153812499e+02 1.490947213213577243e+02 1.163971038911676175e+02
1.463198066949667009e+02 1.490934877960966674e+02 1.163971038911676175e+02
1.463207815367284468e+02 1.490941081749863883e+02 1.163971038911676175e+02
1.463211501306853393e+02 1.490953855975920703e+02 1.163971038911676175e+02
1.463207852940425084e+02 1.490957991104356779e+02 1.163971038911676175e+02
1.463202495017785054e+02 1.490961669022960905e+02 1.163971038911676175e+02
1.463180954982618687e+02 1.490975556324939362e+02 1.163971038911676175e+02
1.463138000333445916e+02 1.490952776862044971e+02 1.163971038911676175e+02
1.463127745723827218e+02 1.490938382192049403e+02 1.163971038911676175e+02
1.463100112724278574e+02 1.490923992098693134e+02 1.163971038911676175e+02
1.463104582860502489e+02 1.490927286930372588e+02 1.163971038911676175e+02
1.463116475869880446e+02 1.490940826217842243e+02 1.163971038911676175e+02
1.463130768871424152e+02 1.490930480080630218e+02 1.163971038911676175e+02
1.463150710020483416e+02 1.490942646592302765e+02 1.163971038911676175e+02
1.463147517359264498e+02 1.490931664199451347e+02 1.163971038911676175e+02
1.463141129747991158e+02 1.490931016589300668e+02 1.163971038911676175e+02
1.463137463776446339e+02 1.490908845983649940e+02 1.163971038911676175e+02
1.463109317993430238e+02 1.490875759720475457e+02 1.163971038911676175e+02
1.463102521128839726e+02 1.490867272765641758e+02 1.163971038911676175e+02
1.463092421582173301e+02 1.490839982290592047e+02 1.163971038911676175e+02
1.463068408445849400e+02 1.490812560594623619e+02 1.163971038911676175e+02
