1.467781363328149098e+02 1.495454058735747651e+02 5.639710389116763167e+01
1.469183094957257367e+02 1.496878952675984635e+02 5.645142852069060524e+01
1.469431062879782246e+02 1.497146233591445537e+02 5.646096682914581777e+01
1.469506318983514461e+02 1.497202336587268974e+02 5.646353679821956462e+01
1.469502736235609461e+02 1.497206306316767837e+02 5.646381605694228512e+01
1.469533741132108560e+02 1.497180645976424103e+02 5.646493616537996019e+01
1.469520934520387527e+02 1.497155529152622080e+02 5.646601908543025417e+01
1.469533712768154601e+02 1.497155609356663888e+02 5.646486043829941082e+01
1.469526547569100217e+02 1.497182060345170385e+02 5.646443809560682325e+01
1.469538596839689717e+02 1.497164988656999753e+02 5.646418817613233898e+01
1.469543640177070642e+02 1.497157266569157628e+02 5.646417401863106278e+01
1.469554118900178423e+02 1.497158426175487023e+02 5.646399035625381657e+01
1.469537467615868707e+02 1.497166042897654847e+02 5.646410549551691815e+01
1.469519690213143690e+02 1.497170814236485228e+02 5.646380182801589598e+01
1.469494506223605299e+02 1.497186106716999632e+02 5.646317788389349346e+01
1.469498737753524722e+02 1.497230605894736186e+02 5.646303359649644449e+01
1.469474715837945951e+02 1.497241480968082215e+02 5.646352882441366461e+01
1.469466775780676926e+02 1.497245969426651584e+02 5.646351051600535698e+01
1.469461944291210784e+02 1.497238697144665593e+02 5.646383036914104281e+01
1.469445937004538791e+02 1.497238521815455670e+02 5.646456611452973107e+01
1.469448400331514506e+02 1.497214660548769416e+02 5.646440796279389929e+01
1.469462058148180574e+02 1.497196051088206730e+02 5.646465890133301002e+01
1.469490330956529647e+02 1.497216586954650381e+02 5.646455111107589175e+01
1.469507660856112352e+02 1.497207877521366868e+02 5.646368924811928025e+01
1.469493220664970750e+02 1.497232566210525704e+02 5.646322849157532175e+01
1.469501427081478937e+02 1.497232610711915868e+02 5.646368178576596364e+01
1.469476558457633075e+02 1.497218592391665766e+02 5.646381692159437904e+01
1.469525397657246799e+02 1.497200879070610426e+02 5.646379028088260554e+01
1.469525566119269797e+02 1.497206577531871972e+02 5.646363342386463557e+01
1.469511385211258698e+02 1.497185638469588014e+02 5.646441985376625183e+01
1.469519599218781138e+02 1.497191411574208644e+02 5.646447298155035099e+01
1.469523858423166303e+02 1.497179126206161754e+02 5.646466759020180604e+01
1.469533048241172537e+02 1.497179357146866607e+02 5.646447007380074723e+01
1.469502849356828165e+02 1.497163745347212966e+02 5.646459104773379778e+01
1.469507314270309166e+02 1.497178008982668302e+02 5.646421343270822746e+01
1.469518998086902570e+02 1.497177416883996273e+02 5.646427879836215169e+01
1.469543117866087414e+02 1.497198133073144959e+02 5.646375843878089285e+01
1.469508613174380685e+02 1.497192868143103510e+02 5.646431786706254741e+01
1.469518974190059453e+02 1.497193601825286464e+02 5.646418068830682557e+01
1.469509151447360864e+02 1.497197347874439970e+02 5.646448517852748239e+01
1.469506548300961413e+02 1.497187230814793679e+02 5.646440656252893575e+01
1.469522700909182902e+02 1.497191283485443591e+02 5.646422497046474120e+01
1.469503746365824668e+02 1.497201084308129566e+02 5.646349211463432027e+01
1.469514260919469280e+02 1.497220853317785725e+02 5.646387492695760102e+01
1.469497497339157803e+02 1.497239236780241072e+02 5.646376166514079387e+01
1.469493297724241074e+02 1.497224613936573405e+02 5.646319572612174653e+01
1.469518847147230076e+02 1.497210811691482490e+02 5.646362076379233486e+01
1.469511022465381984e+02 1.497200083464301770e+02 5.646379284797313858e+01
1.469525461626780043e+02 1.497203478781459012e+02 5.646373809348510520e+01
1.469528560749495227e+02 1.497213828076624509e+02 5.646396055467253916e+01
1.469523704352445748e+02 1.497193538074031949e+02 5.646316658873271166e+01
1.469524905630560170e+02 1.497195863085689211e+02 5.646304074227774805e+01
1.469514795359636992e+02 1.497210899036084299e+02 5.646333325563768568e+01
1.469495391882257991e+02 1.497212287556924366e+02 5.646359418873440461e+01
1.469493864872189590e+02 1.497220309931564088e+02 5.646388755939275939e+01
1.469507718902825104e+02 1.497204818273269495e+02 5.646350005218043577e+01
1.469514784603333624e+02 1.497209825008964685e+02 5.646347170902247115e+01
1.469502583661854374e+02 1.497240067541701478e+02 5.646405658371502057e+01
1.469491613696706054e+02 1.497260009387225352e+02 5.646438171985327870e+01
1.469468297347834778e+02 1.497240874874464396e+02 5.646405695700488536e+01
1.469456622363148313e+02 1.497233602100675967e+02 5.646433413485895159e+01
1.469453687937690631e+02 1.497229881115241881e+02 5.646401261658202486e+01
1.469448866630486918e+02 1.497232998854162815e+02 5.646329329126663765e+01
1.469468401954170247e+02 1.497231954085548864e+02 5.646426964199250165e+01
1.469473711802033336e+02 1.497219282063587684e+02 5.646409191209077960e+01
1.469479915077644137e+02 1.497240414471604595e+02 5.646442452232363962e+01
1.469498980165532487e+02 1.497226530100145396e+02 5.646430334272594109e+01
1.469504140579221030e+02 1.497195469343135983e+02 5.646459650398092123e+01
1.469504620230388241e+02 1.497183090578811289e+02 5.646497765156021842e+01
1.469507199732195772e+02 1.497207669456446979e+02 5.646478254165300825e+01
1.469515318328293745e+02 1.497234064249810785e+02 5.646483849931063048e+01
1.469519910845556865e+02 1.497211564739831999e+02 5.646474750166454726e+01
1.469500587348184126e+02 1.497198635228131423e+02 5.646417107786005829e+01
1.469517963783178516e+02 1.497192851786630001e+02 5.646352349017720940e+01
1.469538138109922158e+02 1.497197316858582212e+02 5.646312012197037689e+01
1.469532807049120606e+02 1.497209372895774209e+02 5.646322249807914773e+01
1.469537713732775046e+02 1.497222870052550547e+02 5.646395613196921914e+01
1.469518249941175441e+02 1.497222182318053001e+02 5.646369298305829432e+01
1.469504855871950895e+02 1.497212778666471422e+02 5.646346027838098536e+01
1.469497638885522974e+02 1.497186811563544779e+02 5.646407922495129839e+01
1.469501058098930457e+02 1.497209092966602952e+02 5.646482519439210535e+01
1.469502140883845129e+02 1.497196794436923142e+02 5.646496755795577371e+01
1.469492781743048226e+02 1.497202185171917677e+02 5.646486252709199505e+01
1.469493579664625145e+02 1.497230176093863747e+02 5.646442751321082199e+01
1.469491152494037465e+02 1.497231624763186346e+02 5.646388221553925746e+01
1.469513269023760813e+02 1.497208925498452459e+02 5.646320553008825982e+01
1.469507833212478545e+02 1.497184637529427960e+02 5.646339899604173951e+01
1.469481755157523253e+02 1.497191487067541971e+02 5.646430291494732501e+01
1.469488810213465797e+02 1.497219474759362754e+02 5.646512113411702671e+01
1.469472438379837627e+02 1.497210803944075792e+02 5.646493747865335422e+01
1.469492709618129709e+02 1.497202203655285189e+02 5.646472384986888216e+01
1.469490347761904445e+02 1.497173316488272690e+02 5.646360094673568142e+01
1.469495369294410239e+02 1.497203287317946661e+02 5.646376713352064769e+01
1.469476134128552758e+02 1.497194680432879750e+02 5.646371165237458456e+01
1.469485845294565252e+02 1.497201660646837240e+02 5.646440120400185947e+01
1.469493779586513256e+02 1.497178511051039891e+02 5.646481488897032364e+01
1.469498077099859188e+02 1.497184171069605441e+02 5.646433530143009705e+01
1.469498198816014565e+02 1.497206126228427934e+02 5.646433091373302915e+01
1.469503939574721585e+02 1.497200239903904162e+02 5.646465763063715571e+01
1.469482581126135301e+02 1.497202023995219520e+02 5.646488066241187198e+01
1.469513687193209819e+02 1.497203118694070838e+02 5.646562206771505998e+01
1.469512869304340938e+02 1.497178372573409320e+02 5.646524884074811013e+01
1.469486423397110855e+02 1.497177167602292229e+02 5.646512646811412139e+01
1.469489199247839792e+02 1.497178720632654176e+02 5.646539053310714706e+01
1.469490504927931624e+02 1.497179595313060645e+02 5.646523856438665234e+01
1.469497916837163416e+02 1.497169403081916812e+02 5.646524458196113017e+01
1.469506862808990491e+02 1.497195717986443810e+02 5.646422454906864630e+01
1.469519142849918580e+02 1.497191786367916677e+02 5.646448759147112639e+01
1.469542878837751800e+02 1.497184808066219830e+02 5.646384915304351892e+01
1.469539076334763195e+02 1.497174255662009728e+02 5.646389801805062802e+01
1.469521010844183024e+02 1.497199294932741793e+02 5.646354994371466773e+01
1.469529680281340802e+02 1.497206163286541880e+02 5.646272607634769258e+01
1.469530794522728456e+02 1.497200485869738600e+02 5.646264129497357942e+01
1.469537071709875136e+02 1.497219649620794826e+02 5.646251276028519328e+01
1.469538454340741964e+02 1.497210454083919444e+02 5.646165935100512456e+01
1.469538670177193467e+02 1.497226096413384084e+02 5.646112165388282733e+01
1.469550267436354147e+02 1.497219098747655153e+02 5.646125732117664597e+01
1.469551875233489682e+02 1.497211422736302779e+02 5.646137885593363848e+01
1.469544272240594296e+02 1.497219568494060411e+02 5.646240612314424823e+01
1.469552447607992463e+02 1.497218248718880318e+02 5.646179105898809780e+01
1.469534918415966729e+02 1.497247191515021427e+02 5.646142670187634849e+01
1.469520666179806199e+02 1.497244723948854528e+02 5.646190745605012751e+01
1.469500810390161973e+02 1.497243646802559169e+02 5.646212647549582186e+01
1.469517131974599806e+02 1.497227286188581843e+02 5.646283955239153585e+01
1.469511886496419493e+02 1.497219816080660166e+02 5.646330564056371060e+01
1.469514302041553719e+02 1.497196918156428467e+02 5.646400518935837454e+01
1.469519953205389413e+02 1.497211259320071122e+02 5.646367044097455334e+01
1.469503770845453232e+02 1.497216215439697180e+02 5.646330448025361193e+01
1.469510242823209865e+02 1.497195749193323309e+02 5.646336664910950276e+01
1.469501425030682071e+02 1.497212898497269293e+02 5.646238849153316863e+01
1.469499070904574296e+02 1.497210285806688148e+02 5.646270381923608284e+01
1.469497142422215461e+02 1.497211001539157849e+02 5.646315764779076574e+01
1.469519473386607160e+02 1.497218070181817779e+02 5.646309887768246938e+01
1.469525930114384096e+02 1.497210771951079096e+02 5.646309957743582686e+01
1.469510757630679336e+02 1.497224297220645894e+02 5.646392136301206222e+01
1.469497703309067731e+02 1.497254581235214914e+02 5.646393498722672888e+01
1.469491260688189413e+02 1.497242390513489454e+02 5.646349611568491156e+01
1.469485649614106819e+02 1.497237418578617394e+02 5.646422572806709184e+01
1.469484669527561778e+02 1.497251752967109155e+02 5.646382821536503371e+01
1.469482557075011755e+02 1.497234648984244814e+02 5.646375062335778949e+01
1.469481620941938331e+02 1.497209099490459039e+02 5.646332258074207999e+01
1.469486142690648478e+02 1.497221043010100914e+02 5.646295373047567523e+01
1.469505139170924508e+02 1.497206298862940059e+02 5.646329990258361420e+01
1.469516190698503806e+02 1.497211156434498491e+02 5.646340456132901409e+01
1.469530163383723220e+02 1.497196283718657810e+02 5.646411818105286073e+01
1.469538004390371668e+02 1.497191133922444237e+02 5.646445908174536044e+01
1.469527276566827823e+02 1.497201658513774305e+02 5.646451301376615106e+01
1.469510648562259405e+02 1.497208986567648026e+02 5.646460049039510665e+01
1.469503684924042659e+02 1.497203927185175871e+02 5.646363116240523539e+01
1.469499089237382918e+02 1.497227835028482446e+02 5.646339825292252357e+01
1.469508286186843691e+02 1.497225673234346459e+02 5.646369303569867526e+01
1.469509246054802247e+02 1.497212225053020802e+02 5.646299434206154899e+01
1.469502470937268868e+02 1.497188949149468442e+02 5.646335384813235692e+01
1.469504073873672212e+02 1.497217169555018188e+02 5.646421519635194386e+01
1.469505457117129481e+02 1.497168203284853689e+02 5.646397433245355302e+01
1.469508132548078834e+02 1.497146920875961769e+02 5.646500496488073395e+01
1.469501698196959580e+02 1.497153502450956921e+02 5.646589202734472224e+01
1.469519045996757427e+02 1.497161391082026967e+02 5.646582001323997702e+01
1.469505345125897975e+02 1.497169227612549491e+02 5.646588936221776578e+01
1.469509394821917567e+02 1.497187075777826522e+02 5.646505024287223762e+01
1.469522055776030527e+02 1.497189819776188244e+02 5.646366269892747880e+01
1.469514690056394954e+02 1.497205447499746924e+02 5.646446744399710127e+01
1.469523373415126457e+02 1.497186970808414799e+02 5.646504807726124398e+01
1.469504309375666082e+02 1.497170455220395695e+02 5.646435342360122434e+01
1.469521542009895825e+02 1.497175376806806071e+02 5.646409395727833669e+01
1.469553133841398562e+02 1.497171789004368634e+02 5.646340981715086116e+01
1.469547636096802421e+02 1.497171234303068559e+02 5.646383099828410934e+01
1.469514480411781960e+02 1.497183871972221709e+02 5.646359329722278630e+01
1.469526967451494954e+02 1.497180938254732041e+02 5.646322091070010174e+01
1.469536999985439252e+02 1.497190506429403172e+02 5.646270789995945449e+01
1.469539486997109634e+02 1.497185585026279000e+02 5.646277387069891063e+01
1.469522110105364163e+02 1.497186541350339724e+02 5.646344881797512727e+01
1.469494414444068298e+02 1.497214892971660447e+02 5.646392697280053596e+01
1.469510964596204303e+02 1.497203742758885880e+02 5.646371494751670639e+01
1.469536724010430362e+02 1.497192390286202794e+02 5.646332304555981807e+01
1.469536516679742988e+02 1.497205598458418194e+02 5.646355276243207300e+01
1.469540228273853586e+02 1.497194456579385644e+02 5.646384642215043925e+01
1.469516438316270239e+02 1.497200144592576407e+02 5.646297136688979634e+01
1.469533074494861182e+02 1.497206338565420651e+02 5.646225488959699845e+01
1.469547641653128949e+02 1.497204409004219201e+02 5.646297817039749134e+01
1.469534190626347936e+02 1.497201598671207705e+02 5.646344612426839404e+01
1.469563020125049206e+02 1.497190377180185124e+02 5.646336999658191047e+01
1.469568221473471681e+02 1.497201662754869176e+02 5.646301979324580600e+01
1.469530063426872175e+02 1.497216991954492187e+02 5.646310067098450247e+01
1.469539577345810244e+02 1.497222575545878271e+02 5.646326066831818480e+01
1.469522740987445104e+02 1.497221363957756637e+02 5.646294766146780830e+01
1.469539841490343974e+02 1.497212766517995419e+02 5.646257834008690679e+01
1.469526857920513976e+02 1.497231761482551065e+02 5.646190999630012186e+01
1.469507750588531110e+02 1.497257927680107912e+02 5.646294279401325156e+01
1.469523998137487411e+02 1.497222990127884827e+02 5.646212538593781005e+01
1.469524873755961778e+02 1.497213967368257954e+02 5.646235631168331537e+01
1.469518233720298497e+02 1.497209727636374055e+02 5.646310196740483889e+01
1.469534295352891604e+02 1.497184721186572460e+02 5.646417374974750203e+01
1.469535974632872808e+02 1.497184602447109398e+02 5.646305165880835375e+01
1.469558960874077513e+02 1.497197465805468823e+02 5.646248233111538894e+01
1.469574342182277178e+02 1.497221386409632657e+02 5.646241495856340009e+01
1.469541476826572932e+02 1.497212352321046751e+02 5.646285990821449730e+01
1.469527054140936571e+02 1.497212400411954718e+02 5.646273087588851070e+01
1.469508247980999158e+02 1.497224827300278776e+02 5.646346331859237466e+01
1.469513650502561575e+02 1.497253257008879359e+02 5.646384854581635437e+01
1.469532401901142862e+02 1.497246478815162050e+02 5.646331573802835635e+01
1.469509026330900667e+02 1.497239665422500821e+02 5.646343195856893260e+01
1.469548611984626518e+02 1.497210503255612650e+02 5.646414782602361981e+01
1.469548490538968508e+02 1.497200784006695926e+02 5.646392339595011833e+01
1.469526486298517796e+02 1.497204551861042319e+02 5.646377472158830813e+01
1.469496869365038094e+02 1.497180071249449043e+02 5.646376458100259299e+01
1.469533855772793345e+02 1.497173522712161002e+02 5.646317895611200299e+01
1.469549707486186776e+02 1.497180071948762929e+02 5.646269503082083929e+01
1.469553753704975065e+02 1.497206153649704277e+02 5.646326815583162784e+01
1.469560561890313579e+02 1.497193341597157996e+02 5.646327979232482619e+01
1.469542128623414499e+02 1.497196925443529949e+02 5.646375056179714136e+01
1.469515628211339902e+02 1.497195660777863964e+02 5.646318553096543269e+01
1.469505408535520701e+02 1.497223351525045985e+02 5.646302838529871337e+01
1.469509509034805603e+02 1.497200449859456057e+02 5.646390891408962176e+01
1.469518988759088245e+02 1.497187602667347335e+02 5.646397134027805720e+01
1.469524138451591284e+02 1.497197716823924907e+02 5.646330085427519663e+01
1.469494563330149219e+02 1.497186235311298503e+02 5.646477267886967155e+01
1.469484476551861576e+02 1.497226119815398420e+02 5.646423400011470761e+01
1.469493739058927986e+02 1.497245416444414445e+02 5.646375997725517948e+01
1.469506797373073823e+02 1.497212205761466635e+02 5.646369492412259206e+01
1.469485341505411498e+02 1.497241614169982995e+02 5.646415041538776336e+01
1.469469137491175559e+02 1.497215643306288086e+02 5.646384854252450225e+01
1.469492885496540282e+02 1.497213192404489348e+02 5.646298858404924204e+01
1.469483302265891780e+02 1.497251414357324393e+02 5.646247354661497297e+01
1.469472235230196020e+02 1.497267958416104534e+02 5.646263834066197518e+01
1.469472583083672248e+02 1.497236397214854833e+02 5.646344505657184243e+01
1.469486958568138562e+02 1.497223684058567414e+02 5.646316875927776380e+01
1.469498510961282420e+02 1.497216890675376533e+02 5.646351578348249234e+01
1.469526579632513972e+02 1.497177296963411095e+02 5.646423591391632613e+01
1.469517596165625832e+02 1.497173118928645295e+02 5.646419893190308414e+01
1.469529580620536535e+02 1.497173873232430310e+02 5.646470476689088969e+01
1.469541562934510353e+02 1.497184608316091214e+02 5.646422369213757975e+01
1.469552081330348869e+02 1.497171450584363299e+02 5.646340983736870101e+01
1.469524002965469265e+02 1.497191642082954388e+02 5.646331380313271353e+01
1.469487338376117691e+02 1.497201701792998279e+02 5.646273697672977221e+01
1.469510336722750026e+02 1.497245632477972492e+02 5.646349157100377170e+01
1.469475024947957706e+02 1.497223237385087486e+02 5.646376915777368311e+01
1.469499202011840566e+02 1.497192233545104614e+02 5.646372514504926698e+01
1.469507513323693786e+02 1.497220819216457812e+02 5.646356986469216821e+01
1.469511732261517523e+02 1.497213469881181709e+02 5.646411818754695133e+01
1.469512050806912384e+02 1.497209454367092007e+02 5.646443966040497742e+01
1.469463504104692220e+02 1.497202614190553618e+02 5.646366665095492010e+01
1.469474561263320425e+02 1.497210104716042167e+02 5.646419569172117292e+01
1.469466636397835657e+02 1.497209140055849161e+02 5.646400433925737161e+01
1.469487884771364747e+02 1.497219662776420535e+02 5.646404513946087889e+01
1.469516226530284655e+02 1.497203962012722229e+02 5.646398422284305241e+01
1.469484200463338652e+02 1.497197298997510870e+02 5.646428422282202320e+01
1.469468587731337266e+02 1.497205399146355944e+02 5.646451298404006991e+01
1.469481821062349809e+02 1.497203248638787443e+02 5.646489196853863746e+01
1.469481756685990490e+02 1.497201378443559747e+02 5.646555321015674167e+01
1.469497824994017492e+02 1.497194381456331485e+02 5.646530964748607317e+01
1.469515584986224894e+02 1.497199654184217934e+02 5.646422567631438483e+01
1.469524009853350890e+02 1.497184775553920701e+02 5.646368244436403927e+01
1.469493194509774412e+02 1.497194837583374465e+02 5.646390619430498248e+01
1.469504643918102147e+02 1.497212980473701407e+02 5.646361749719723377e+01
1.469530749857510443e+02 1.497201244842783581e+02 5.646301583832393334e+01
1.469510768323230252e+02 1.497202988691676637e+02 5.646398446273759220e+01
1.469484703481228678e+02 1.497231321427358353e+02 5.646213819926796162e+01
1.469512017288346328e+02 1.497240521906585968e+02 5.646244378766564154e+01
1.469486568852180994e+02 1.497251993199024582e+02 5.646300381106040334e+01
1.469497098444369385e+02 1.497238891047906009e+02 5.646358239138422164e+01
1.469485862952979573e+02 1.497251350671122054e+02 5.646407804955539689e+01
1.469494057615692100e+02 1.497233765429955383e+02 5.646426724433647593e+01
1.469509457285903977e+02 1.497227230344544751e+02 5.646436590694968061e+01
1.469499365850205663e+02 1.497229083403177299e+02 5.646381326056585692e+01
1.469510931132111295e+02 1.497215249745932510e+02 5.646357296847854457e+01
1.469502148493992308e+02 1.497220515602014643e+02 5.646348581527173849e+01
1.469494896710528167e+02 1.497220291332583315e+02 5.646382080028401163e+01
1.469490527230917110e+02 1.497212573933271642e+02 5.646416918229895288e+01
1.469485306005755092e+02 1.497213059966952642e+02 5.646388496601176854e+01
1.469516104368342724e+02 1.497218822298184477e+02 5.646439620047603114e+01
1.469529390959675652e+02 1.497225445131747961e+02 5.646452478895586324e+01
1.469544222894470238e+02 1.497215207583159327e+02 5.646347362182868324e+01
1.469535205080765650e+02 1.497199047310402875e+02 5.646289387370205759e+01
1.469509676320528229e+02 1.497232080052432650e+02 5.646247043714914327e+01
1.469489392041911344e+02 1.497249951898804170e+02 5.646213913500705672e+01
1.469513160896008799e+02 1.497238393373915812e+02 5.646280047367430655e+01
1.469511540306095014e+02 1.497237843016776253e+02 5.646277409839602512e+01
1.469517686576523374e+02 1.497244114077931840e+02 5.646332373965464768e+01
1.469523126032082132e+02 1.497230000234709166e+02 5.646319851196766848e+01
1.469522836432963686e+02 1.497239961846153165e+02 5.646332185961566097e+01
1.469543788246790541e+02 1.497241817769357795e+02 5.646229121217379543e+01
1.469549797193277527e+02 1.497200026068131820e+02 5.646247832105446918e+01
1.469553764976446928e+02 1.497210719278874649e+02 5.646179421840784585e+01
1.469553437202967530e+02 1.497213235594490470e+02 5.646268497864086555e+01
1.469539908511552539e+02 1.497221887823112070e+02 5.646239777034470819e+01
1.469521102903430574e+02 1.497205884495397754e+02 5.646200446481114454e+01
1.469502957320697192e+02 1.497234453299599295e+02 5.646198079042149942e+01
1.469500393533034526e+02 1.497254785256187120e+02 5.646354095076547708e+01
1.469506981712009122e+02 1.497241406016383962e+02 5.646348812128054817e+01
1.469490611234577386e+02 1.497256490088698797e+02 5.646400313864782561e+01
1.469491622735602050e+02 1.497221389723487164e+02 5.646410829765112283e+01
1.469472057198090624e+02 1.497208314340734887e+02 5.646481105447755766e+01
1.469476205246359655e+02 1.497222898536577134e+02 5.646468561238657458e+01
1.469494556961276430e+02 1.497232118386728530e+02 5.646472895581298701e+01
1.469515531408518996e+02 1.497208696271782742e+02 5.646460655096702652e+01
1.469533890661961664e+02 1.497221052955864593e+02 5.646407622530499282e+01
1.469532843202654817e+02 1.497224075760398705e+02 5.646388561034170550e+01
1.469532369451724207e+02 1.497223560098153712e+02 5.646356755932330174e+01
1.469508863589537668e+02 1.497240861828532275e+02 5.646235886613796140e+01
1.469513467034813061e+02 1.497250464263194090e+02 5.646246027192395900e+01
1.469509750237755270e+02 1.497263233594860026e+02 5.646197575719263284e+01
1.469503620946135811e+02 1.497253347724113723e+02 5.646292720129002873e+01
1.469512219088678080e+02 1.497245384162760331e+02 5.646280734151260106e+01
1.469510571704363144e+02 1.497241996655367018e+02 5.646233233230550752e+01
1.469500828860748811e+02 1.497237790725800153e+02 5.646226710456434716e+01
1.469489418090933555e+02 1.497239885142075480e+02 5.646308647903833844e+01
1.469482310021658975e+02 1.497226882816210036e+02 5.646415894936556157e+01
1.469484482664813072e+02 1.497236032295873542e+02 5.646436587907711413e+01
1.469458284660751701e+02 1.497239756667633230e+02 5.646476965851577745e+01
1.469468181923977284e+02 1.497254226754153592e+02 5.646360393959955815e+01
1.469478784825271873e+02 1.497265370443334689e+02 5.646309950793745713e+01
1.469471466143115492e+02 1.497272871844458564e+02 5.646331295260327465e+01
1.469492813914659450e+02 1.497268848570845989e+02 5.646300189000139369e+01
1.469522445742242667e+02 1.497249073720257400e+02 5.646243050355093374e+01
1.469513971016670553e+02 1.497215058045114802e+02 5.646263621217135409e+01
1.469495745485628504e+02 1.497228734204628040e+02 5.646388270196197823e+01
1.469475052654273384e+02 1.497208524820907485e+02 5.646400464013554910e+01
1.469482459288885252e+02 1.497204975368220516e+02 5.646441929040665286e+01
1.469493484212626413e+02 1.497210489482927471e+02 5.646408802892725731e+01
1.469499300404194457e+02 1.497233989832690781e+02 5.646297102479724117e+01
1.469504512787546560e+02 1.497230973482611489e+02 5.646310446847247277e+01
1.469481674038624988e+02 1.497235050480469738e+02 5.646299031304214111e+01
1.469485154185054512e+02 1.497242244422620274e+02 5.646370177256035561e+01
1.469493781048643370e+02 1.497218616184406699e+02 5.646327326885773346e+01
1.469512662424067173e+02 1.497200962140896934e+02 5.646270696595998118e+01
1.469489305193136204e+02 1.497231824352999467e+02 5.646277498353347823e+01
1.469486448161115675e+02 1.497275956550242597e+02 5.646323531362227754e+01
1.469477040106879144e+02 1.497275775802197302e+02 5.646417130391686356e+01
1.469479654496044532e+02 1.497261143851721386e+02 5.646384304650646868e+01
1.469491610205047323e+02 1.497256099315588926e+02 5.646341526958859447e+01
1.469496965272322768e+02 1.497280682812661610e+02 5.646285562730997754e+01
1.469484679815638231e+02 1.497274281237321247e+02 5.646289601644501488e+01
1.469485399663115004e+02 1.497292814546794943e+02 5.646278992715190270e+01
1.469474166581025827e+02 1.497274330803071507e+02 5.646240888024725280e+01
1.469466060617475023e+02 1.497242312044394907e+02 5.646324679004423075e+01
1.469481097121379207e+02 1.497211431126045795e+02 5.646353026046105583e+01
1.469492895372062549e+02 1.497216688459497504e+02 5.646353594202255977e+01
1.469492193535739943e+02 1.497219277627266933e+02 5.646345112775370012e+01
1.469495639221168517e+02 1.497197390129787777e+02 5.646344815677713314e+01
1.469514349728576690e+02 1.497217230126489937e+02 5.646422951520804645e+01
1.469483309268197786e+02 1.497235255359540815e+02 5.646480709557106792e+01
1.469483318612834353e+02 1.497246899005294267e+02 5.646499152834876156e+01
1.469469526446995360e+02 1.497251381149395684e+02 5.646497274017720258e+01
1.469490466262487018e+02 1.497226631434781154e+02 5.646434696202732084e+01
1.469495786231413490e+02 1.497225600614292773e+02 5.646467986414845086e+01
1.469494473741702905e+02 1.497224361719201795e+02 5.646450550257156920e+01
1.469509979748321200e+02 1.497237867526130799e+02 5.646351276524310947e+01
1.469495512530760948e+02 1.497249628885545576e+02 5.646313522647298555e+01
1.469522006718755733e+02 1.497226274962037564e+02 5.646176534380822432e+01
1.469511564680374249e+02 1.497250925363387637e+02 5.646177583422451107e+01
1.469513362954311333e+02 1.497259885824146011e+02 5.646152565003096413e+01
1.469535331268083382e+02 1.497215032770925234e+02 5.646160129743628886e+01
1.469535257083975921e+02 1.497207869237814180e+02 5.646198239056747070e+01
1.469525511497880359e+02 1.497237341754432123e+02 5.646228405421928187e+01
1.469501625492157473e+02 1.497225566353387762e+02 5.646222946585657354e+01
1.469513346568759289e+02 1.497245211087321195e+02 5.646355902879646749e+01
1.469503415296334765e+02 1.497234638217513805e+02 5.646313392272015363e+01
1.469501992419224905e+02 1.497233061219685055e+02 5.646280268239929967e+01
1.469497456229129284e+02 1.497228863524233304e+02 5.646266335173480400e+01
1.469496774300052380e+02 1.497211259871197626e+02 5.646319655970630436e+01
1.469492237172327691e+02 1.497225616466179190e+02 5.646258862835132675e+01
1.469492259343380738e+02 1.497246883263278505e+02 5.646313130262731761e+01
1.469486270031326853e+02 1.497249328079197994e+02 5.646297617853394968e+01
1.469491643504237004e+02 1.497216037793043597e+02 5.646368647437108024e+01
1.469488089226076113e+02 1.497212465253236360e+02 5.646408585489780307e+01
1.469473962355891672e+02 1.497224316792998593e+02 5.646357612835890194e+01
1.469496335337356072e+02 1.497221579869539596e+02 5.646320506534868855e+01
1.469519688059683631e+02 1.497226935292416670e+02 5.646351170897693805e+01
1.469514158475088834e+02 1.497209547164596870e+02 5.646393123951856552e+01
1.469478940954768404e+02 1.497210096953715492e+02 5.646448652925803202e+01
1.469489783114770773e+02 1.497173810380127179e+02 5.646504739647794224e+01
1.469498264593184160e+02 1.497185652897709645e+02 5.646591245981532126e+01
1.469506583292420601e+02 1.497181007613977215e+02 5.646523979790443093e+01
1.469510080723030683e+02 1.497194165336894685e+02 5.646493707982303079e+01
1.469500261594548363e+02 1.497181205420687320e+02 5.646457678906584476e+01
1.469537082023828702e+02 1.497173804986744017e+02 5.646361887767038468e+01
1.469540353492133136e+02 1.497166389087563232e+02 5.646427173023745638e+01
1.469523516169197705e+02 1.497163525869520697e+02 5.646438784124038079e+01
1.469531944977628655e+02 1.497188993585987191e+02 5.646484863460530335e+01
1.469527911504183635e+02 1.497177672418662269e+02 5.646492604165555917e+01
1.469536834159151226e+02 1.497178407064963039e+02 5.646511739885251302e+01
1.469532696601425528e+02 1.497172508034520320e+02 5.646529560750998655e+01
1.469544345656187545e+02 1.497162210130674111e+02 5.646543954269473886e+01
1.469557664322741743e+02 1.497132707893503039e+02 5.646525757546934443e+01
1.469539091539284925e+02 1.497142566910876269e+02 5.646509263456373162e+01
1.469525130302850471e+02 1.497144466411486405e+02 5.646477436246083670e+01
1.469518977889317739e+02 1.497157409562655062e+02 5.646546512490640168e+01
1.469523587279284698e+02 1.497178253110948276e+02 5.646499429000778036e+01
1.469519743360079929e+02 1.497167942128489244e+02 5.646504012588111721e+01
1.469521447728988051e+02 1.497211181956186010e+02 5.646358252116397125e+01
1.469510674282013269e+02 1.497205437034061788e+02 5.646294740116803723e+01
1.469528087309405464e+02 1.497189514160455985e+02 5.646298312816470855e+01
1.469492147667747304e+02 1.497196458134620229e+02 5.646437226741262805e+01
1.469500303035148647e+02 1.497200652292063978e+02 5.646448855433538938e+01
1.469489740188029145e+02 1.497214673111319598e+02 5.646420857865422960e+01
1.469489068358713837e+02 1.497211124735642329e+02 5.646485603577330892e+01
1.469483542101086755e+02 1.497228951500997027e+02 5.646503855771120328e+01
1.469490174744399837e+02 1.497206035163912929e+02 5.646676947841844907e+01
1.469496172476626157e+02 1.497209689493894587e+02 5.646566163845328390e+01
1.469480315503765269e+02 1.497212191114982147e+02 5.646451319904643640e+01
1.469492407575147013e+02 1.497224683347300243e+02 5.646354035059195553e+01
1.469517567042777841e+02 1.497232871668034022e+02 5.646300426992611676e+01
1.469534089670943331e+02 1.497227278506279049e+02 5.646390445004070102e+01
1.469491668864208975e+02 1.497214732262286532e+02 5.646420879131316894e+01
1.469491213703992685e+02 1.497192679345196495e+02 5.646330756532921669e+01
1.469481023952639305e+02 1.497209906989658066e+02 5.646480499068013614e+01
1.469478923487737632e+02 1.497212533649811803e+02 5.646455167492869975e+01
1.469477046756402103e+02 1.497227338210024357e+02 5.646423994660956680e+01
1.469498915645342834e+02 1.497245837060734175e+02 5.646320395642280232e+01
1.469469860236728493e+02 1.497281380621706433e+02 5.646215581979713960e+01
1.469488563349929962e+02 1.497284339014687475e+02 5.646183427873324945e+01
1.469503469159811857e+02 1.497264402053521621e+02 5.646197417123366336e+01
1.469479176287392477e+02 1.497252932347724368e+02 5.646310124117318452e+01
1.469509240873649674e+02 1.497236809251616592e+02 5.646270570077753348e+01
1.469473354209300453e+02 1.497257799768031532e+02 5.646263319874510955e+01
1.469466073246681503e+02 1.497263047917050471e+02 5.646328147719242452e+01
1.469477011881199928e+02 1.497271572888270441e+02 5.646318482253823134e+01
1.469490743275700595e+02 1.497255090104264923e+02 5.646355818731973386e+01
1.469483683371826146e+02 1.497258051913657368e+02 5.646220537106785287e+01
1.469483748002617745e+02 1.497253065493907798e+02 5.646258263446453896e+01
1.469504740773478488e+02 1.497237542420998579e+02 5.646279169919253604e+01
1.469502358611080695e+02 1.497239126853519622e+02 5.646331260732246449e+01
1.469481025112725945e+02 1.497262301951291192e+02 5.646338261801612646e+01
1.469462082506249772e+02 1.497259155179250456e+02 5.646357183454301776e+01
1.469471455970465286e+02 1.497229220551562321e+02 5.646337409883408043e+01
1.469481732394417577e+02 1.497219581886774620e+02 5.646320600606098594e+01
1.469509338698356373e+02 1.497222399017091448e+02 5.646273062918981367e+01
1.469521044054419008e+02 1.497201177342325025e+02 5.646227787210284532e+01
1.469529991338449690e+02 1.497166830933022084e+02 5.646245914020147438e+01
1.469530373324990364e+02 1.497193056768413726e+02 5.646358412689519923e+01
1.469535629691804388e+02 1.497174227062609759e+02 5.646367913487645751e+01
1.469517840481191797e+02 1.497195452129261071e+02 5.646432225070124389e+01
1.469526387527120335e+02 1.497179123772809533e+02 5.646435184723171119e+01
1.469514553178625533e+02 1.497172520670979168e+02 5.646403315803370049e+01
1.469521268191923582e+02 1.497156504879452541e+02 5.646456219924510833e+01
1.469518048787377893e+02 1.497167307971096193e+02 5.646425931748829896e+01
1.469508046100313265e+02 1.497184037012423516e+02 5.646397821297527031e+01
1.469505343410732507e+02 1.497178768866497762e+02 5.646421631094621318e+01
1.469527787057185151e+02 1.497235761976181720e+02 5.646399489118591930e+01
1.469545179534141539e+02 1.497227624380969928e+02 5.646336472356038172e+01
1.469523459217004984e+02 1.497214510006745343e+02 5.646253156489177627e+01
1.469536400932635161e+02 1.497213045948737147e+02 5.646338705552214776e+01
1.469523661835978032e+02 1.497215182479202440e+02 5.646307693895450086e+01
1.469500255074622714e+02 1.497211823233213295e+02 5.646299718929864753e+01
1.469497924762560785e+02 1.497213969132818363e+02 5.646234049752240480e+01
1.469495447713923113e+02 1.497235051432119519e+02 5.646286604046808577e+01
1.469523661278532813e+02 1.497246501579928690e+02 5.646245244681383468e+01
1.469533216350361329e+02 1.497213483926419144e+02 5.646249692126658459e+01
1.469549305875223695e+02 1.497197343120320738e+02 5.646267317501994398e+01
1.469549707759700254e+02 1.497171555009096551e+02 5.646325116559300028e+01
1.469548276440135339e+02 1.497190964977535259e+02 5.646368436064069840e+01
1.469519567273767677e+02 1.497216323363585104e+02 5.646382125065544955e+01
1.469506065963454375e+02 1.497190991129000395e+02 5.646292150805666665e+01
1.469528537540584807e+02 1.497167202865531692e+02 5.646344495403309338e+01
1.469521874578347251e+02 1.497175280859049735e+02 5.646408306454004844e+01
1.469546286531943338e+02 1.497174753829085034e+02 5.646418031063038967e+01
1.469547417134751868e+02 1.497203161004691196e+02 5.646482090766372153e+01
1.469497149154710485e+02 1.497196805967987530e+02 5.646388381208805640e+01
1.469488940451421115e+02 1.497185002750065337e+02 5.646340084379745861e+01
1.469470440633315889e+02 1.497200110887675351e+02 5.646342280635673205e+01
1.469484747343074389e+02 1.497192669085594616e+02 5.646453641862184725e+01
1.469480557446259468e+02 1.497204977850572334e+02 5.646474258117630995e+01
1.469504570360433320e+02 1.497199992695429387e+02 5.646408601440486308e+01
1.469500232677368103e+02 1.497230846155042059e+02 5.646401648810120832e+01
1.469498620079779698e+02 1.497218249898944009e+02 5.646420926878502655e+01
1.469512953965735278e+02 1.497223639145567518e+02 5.646421469703503249e+01
1.469508513375621419e+02 1.497232543234018749e+02 5.646393979059760682e+01
1.469505829248259658e+02 1.497238246065318776e+02 5.646371260328193387e+01
1.469502375426027925e+02 1.497220388506121367e+02 5.646428184238013159e+01
1.469497786856705943e+02 1.497216213075947167e+02 5.646479210234745949e+01
1.469487173423010518e+02 1.497203470533733025e+02 5.646366243586643918e+01
1.469498463048479948e+02 1.497238235668715447e+02 5.646382907047366473e+01
1.469495168404716026e+02 1.497229407177559324e+02 5.646315841838793403e+01
1.469491364358515284e+02 1.497238272654362277e+02 5.646252830170446657e+01
1.469478045559897623e+02 1.497244885010381381e+02 5.646325201210981248e+01
1.469470592479159734e+02 1.497291338933561633e+02 5.646401181270153558e+01
1.469462567593344033e+02 1.497257399177449315e+02 5.646424213989388363e+01
1.469459870982391294e+02 1.497245596534864944e+02 5.646381677547489630e+01
1.469470992689052196e+02 1.497240141190518443e+02 5.646403120223359906e+01
1.469465886047464096e+02 1.497235850203718428e+02 5.646408577996061240e+01
1.469461866698895847e+02 1.497231665234874072e+02 5.646444364906049884e+01
1.469491937594370938e+02 1.497190226862541067e+02 5.646397417439721522e+01
1.469510742873731033e+02 1.497187398086186647e+02 5.646442958092087849e+01
1.469537344327692097e+02 1.497194530055314203e+02 5.646413843224554086e+01
1.469564349907067253e+02 1.497198175537880047e+02 5.646354088388554970e+01
1.469542452215640651e+02 1.497201171678039202e+02 5.646357046365781684e+01
1.469496118407341498e+02 1.497222614026625820e+02 5.646421829969635553e+01
1.469478629326272880e+02 1.497223544271922151e+02 5.646427820426777089e+01
1.469502065387478353e+02 1.497239097610380441e+02 5.646395477957143783e+01
1.469514423194652295e+02 1.497215977027103690e+02 5.646378910619252167e+01
1.469517058549437252e+02 1.497215129372315232e+02 5.646446235399470481e+01
1.469505537474538528e+02 1.497200594039037469e+02 5.646440102637325253e+01
1.469497039050277749e+02 1.497193004696123921e+02 5.646463503468667255e+01
1.469489785511298123e+02 1.497205273199946305e+02 5.646476523362971989e+01
1.469507378252405374e+02 1.497189408495300995e+02 5.646484763256849959e+01
1.469499012207239161e+02 1.497189317577361862e+02 5.646496039409274204e+01
1.469499870702937869e+02 1.497221764901939878e+02 5.646438021896188530e+01
1.469483096077067046e+02 1.497230234756029290e+02 5.646439915579624369e+01
1.469490554090218950e+02 1.497213778455281386e+02 5.646410600286766623e+01
1.469494589647758858e+02 1.497232484104673347e+02 5.646453075838903146e+01
1.469476167319086812e+02 1.497221389429994929e+02 5.646453752635479617e+01
1.469469265347174201e+02 1.497232732587376063e+02 5.646474377539983891e+01
1.469482091358870548e+02 1.497221005324461771e+02 5.646447005357432403e+01
1.469473953552573562e+02 1.497198321462750528e+02 5.646570122966463146e+01
1.469483995115658956e+02 1.497182587803260390e+02 5.646522847987831284e+01
1.469488206534599044e+02 1.497204931477176615e+02 5.646535579511487413e+01
1.469502237679965333e+02 1.497200407107568481e+02 5.646455389783978518e+01
1.469525067993371863e+02 1.497203786129279592e+02 5.646422211038485273e+01
1.469563530442402168e+02 1.497198024107393053e+02 5.646328525883912874e+01
1.469560729420502980e+02 1.497208498770216067e+02 5.646206783341268931e+01
1.469543017969275809e+02 1.497203042883858188e+02 5.646195923693090180e+01
1.469540370622069076e+02 1.497207575300983535e+02 5.646198187264329249e+01
1.469559248099913589e+02 1.497205571782589288e+02 5.646223987080992401e+01
1.469532450301617814e+02 1.497209460943041108e+02 5.646224082474569173e+01
1.469546956953103063e+02 1.497201919101697740e+02 5.646255551131162775e+01
1.469578515344391292e+02 1.497182678963860099e+02 5.646203440247541749e+01
1.469573617118277298e+02 1.497185327228129381e+02 5.646245328559514576e+01
1.469560802689670709e+02 1.497186408306541807e+02 5.646204558752035751e+01
1.469544938983052589e+02 1.497211310341648982e+02 5.646275825681952654e+01
1.469534095509462759e+02 1.497208563042564435e+02 5.646260175207757470e+01
1.469519314793094793e+02 1.497204111646344131e+02 5.646350780026048000e+01
1.469525459030770662e+02 1.497178567478348157e+02 5.646368945396672245e+01
1.469530414394126296e+02 1.497182210836660374e+02 5.646353727190908955e+01
1.469536979953613809e+02 1.497203782470813849e+02 5.646334188473993265e+01
1.469540588278788391e+02 1.497227085597019141e+02 5.646308479459613494e+01
1.469511137686506856e+02 1.497213310190709876e+02 5.646240393210571540e+01
1.469538862822925580e+02 1.497190523291096724e+02 5.646236916061026534e+01
1.469525120118244388e+02 1.497197231723501147e+02 5.646268869178222616e+01
1.469517877013997804e+02 1.497210533850459626e+02 5.646258449464255591e+01
1.469515856069983784e+02 1.497229350495252902e+02 5.646257079929871736e+01
1.469519360054090953e+02 1.497212904589948153e+02 5.646172975898349478e+01
1.469531747787550842e+02 1.497218266378424687e+02 5.646133822442237715e+01
1.469531549262987369e+02 1.497218484712058171e+02 5.646214653703731301e+01
1.469519547950297920e+02 1.497217627169698630e+02 5.646234547176523222e+01
1.469522490508949204e+02 1.497229083795105566e+02 5.646241001026899653e+01
1.469517144335973171e+02 1.497217426265361269e+02 5.646218251653714049e+01
1.469528346186062038e+02 1.497182766537492853e+02 5.646246856964056349e+01
1.469547329279102428e+02 1.497206608350186343e+02 5.646261698231874249e+01
1.469536778027858190e+02 1.497250488341312291e+02 5.646253934460384016e+01
1.469512176961520709e+02 1.497232276298963711e+02 5.646318904094367497e+01
1.469515247574905743e+02 1.497206304680332778e+02 5.646330671087029884e+01
1.469516485109013502e+02 1.497185240708946026e+02 5.646384441081380601e+01
1.469539213567063598e+02 1.497175114279812931e+02 5.646350046028618408e+01
1.469524783308141593e+02 1.497202343657838526e+02 5.646409834065819666e+01
1.469520715639423258e+02 1.497192965707149028e+02 5.646386682063553053e+01
1.469527573768597790e+02 1.497186986495138399e+02 5.646383477770767456e+01
1.469524371401994358e+02 1.497201682175072506e+02 5.646409732035949247e+01
1.469507425757313968e+02 1.497194574926499513e+02 5.646330018946197526e+01
1.469490701397165253e+02 1.497195565873983583e+02 5.646342517294939256e+01
1.469539411149657440e+02 1.497195991062913549e+02 5.646351164557903246e+01
1.469555890444402166e+02 1.497204444792338336e+02 5.646258053097546536e+01
1.469540047637673013e+02 1.497218515050892620e+02 5.646192735845622934e+01
1.469534968826528711e+02 1.497226310238194742e+02 5.646222118442177162e+01
1.469522629811223737e+02 1.497197483213140572e+02 5.646309901137129117e+01
1.469513582995880085e+02 1.497217227909168855e+02 5.646282813168974712e+01
1.469519454355336165e+02 1.497228450478501998e+02 5.646363691462212131e+01
1.469499405535318601e+02 1.497231350679875561e+02 5.646312008192671783e+01
1.469502582145677820e+02 1.497212538970304934e+02 5.646392656989402781e+01
1.469506424227987509e+02 1.497220287895707429e+02 5.646441616772712280e+01
1.469494357590667732e+02 1.497197164784809900e+02 5.646374182146316656e+01
1.469511160178436171e+02 1.497201602440514421e+02 5.646341335759424851e+01
1.469507615136546974e+02 1.497173526196677926e+02 5.646405419335662401e+01
1.469510262621511174e+02 1.497165206392528773e+02 5.646541358597306726e+01
1.469525452419037492e+02 1.497164288602616580e+02 5.646498634654057014e+01
1.469524737382741364e+02 1.497187708693694503e+02 5.646413424035750950e+01
1.469521998546263148e+02 1.497197288889947799e+02 5.646403289848678497e+01
1.469504516902047726e+02 1.497198192406070802e+02 5.646519068838533428e+01
1.469511763182635491e+02 1.497198422632252743e+02 5.646396567791987309e+01
1.469514031281536859e+02 1.497195297884803438e+02 5.646396373827644055e+01
1.469514902893416775e+02 1.497175226782884749e+02 5.646387158410816909e+01
1.469532175200578195e+02 1.497170899575472731e+02 5.646393563100981083e+01
1.469533522147102644e+02 1.497176257073282954e+02 5.646368271854625220e+01
1.469557826427471241e+02 1.497186061664394856e+02 5.646355886853237394e+01
1.469548653938609846e+02 1.497165755492003427e+02 5.646327585792052162e+01
1.469538155040006302e+02 1.497165435246635070e+02 5.646300226942703659e+01
1.469542378951298645e+02 1.497174973989414184e+02 5.646362875312781426e+01
1.469525999430769616e+02 1.497178788635517321e+02 5.646360658658334586e+01
1.469523730116847560e+02 1.497190183446498963e+02 5.646384717158520061e+01
1.469515654729696053e+02 1.497179333301564839e+02 5.646443371251533705e+01
1.469494586958757623e+02 1.497191903784830629e+02 5.646466647787555360e+01
1.469494415470340982e+02 1.497176677608974842e+02 5.646461909096019838e+01
1.469501987519262514e+02 1.497200029188103656e+02 5.646498579627034076e+01
1.469499243444509489e+02 1.497202726132148882e+02 5.646402234553489308e+01
1.469498334703630746e+02 1.497223845531366635e+02 5.646317518319628448e+01
1.469506369554240166e+02 1.497213300392940027e+02 5.646321634805386225e+01
1.469508287604392365e+02 1.497187033121037985e+02 5.646375461384377559e+01
1.469496078230027081e+02 1.497191656947687193e+02 5.646426546170495442e+01
1.469477169807204859e+02 1.497202207657746271e+02 5.646406225138217394e+01
1.469489673168524178e+02 1.497204969150574243e+02 5.646402504510994902e+01
1.469478035806565401e+02 1.497188913696285510e+02 5.646393920508364062e+01
1.469467562925064783e+02 1.497198092797020763e+02 5.646417710967268988e+01
1.469483297047854649e+02 1.497216080011327222e+02 5.646432525321595364e+01
1.469487582350618595e+02 1.497220832580339902e+02 5.646497242611644651e+01
1.469477424346230805e+02 1.497239485603816718e+02 5.646474391281763872e+01
1.469470467756742096e+02 1.497212849968333330e+02 5.646347902889339565e+01
1.469487262909561025e+02 1.497197510789146122e+02 5.646371818754907679e+01
1.469487422943673778e+02 1.497193748455187858e+02 5.646396198277109590e+01
1.469486365905901550e+02 1.497200771844704832e+02 5.646405795675011063e+01
1.469505756715402924e+02 1.497198290968236165e+02 5.646421658967680912e+01
1.469494095293871396e+02 1.497226696274394442e+02 5.646436037244012596e+01
1.469492092428949377e+02 1.497245305337729917e+02 5.646315364346529009e+01
1.469492744927278522e+02 1.497220603522122531e+02 5.646380352635203081e+01
1.469516073505225791e+02 1.497209510402633441e+02 5.646339945173247798e+01
1.469509769537429520e+02 1.497218232391853689e+02 5.646298637778194518e+01
1.469528509150329114e+02 1.497208800940325659e+02 5.646414620689595409e+01
1.469504254789387119e+02 1.497188068813035784e+02 5.646436608468839324e+01
1.469494945785515938e+02 1.497218877697211497e+02 5.646369053991188736e+01
1.469511288694624511e+02 1.497224649233292837e+02 5.646372451949905269e+01
1.469519352023815486e+02 1.497220935916492408e+02 5.646297645005624588e+01
1.469512974888913845e+02 1.497237655762755253e+02 5.646325099749392962e+01
1.469519924187030142e+02 1.497240248340553990e+02 5.646334798698703139e+01
1.469495458377020327e+02 1.497251031451934296e+02 5.646285781036760199e+01
1.469495870013395233e+02 1.497245532747028278e+02 5.646405095907064720e+01
1.469488629822170367e+02 1.497244020592505080e+02 5.646284236834621595e+01
1.469477089749510412e+02 1.497236992205795048e+02 5.646184620416053690e+01
1.469488119865951035e+02 1.497231735955386398e+02 5.646251585270132978e+01
1.469465709305182486e+02 1.497254388178134832e+02 5.646314552062108305e+01
1.469490556344068182e+02 1.497248542438277354e+02 5.646446084611143590e+01
1.469504278765702452e+02 1.497213626633148351e+02 5.646402971200765819e+01
1.469501095500446013e+02 1.497222145343513944e+02 5.646219486429066592e+01
1.469485217865084223e+02 1.497254353347933886e+02 5.646210636515494485e+01
1.469474578796150297e+02 1.497273801650154326e+02 5.646199009560123727e+01
1.469493784683240278e+02 1.497273005829767385e+02 5.646262494571877255e+01
1.469503937491624868e+02 1.497258324707575525e+02 5.646286859574374972e+01
1.469496168883645737e+02 1.497236872583163176e+02 5.646275740739660876e+01
1.469474273261551502e+02 1.497250139647718186e+02 5.646342967257704970e+01
1.469498724745094194e+02 1.497242945957092104e+02 5.646350225128942668e+01
1.469506395532004319e+02 1.497218650040925354e+02 5.646277022360956011e+01
1.469504795307378799e+02 1.497203848882477359e+02 5.646299519357962993e+01
1.469488546714193546e+02 1.497186892618037461e+02 5.646409295289227970e+01
1.469513254474596522e+02 1.497185259009114588e+02 5.646339991386359713e+01
1.469549016238008221e+02 1.497160316398482678e+02 5.646215059449920659e+01
1.469540164513245486e+02 1.497199900822836298e+02 5.646278640712012020e+01
1.469547048010687718e+02 1.497194347645589971e+02 5.646274450821178448e+01
1.469544625296425124e+02 1.497178180955943390e+02 5.646274008509600151e+01
1.469532696148972946e+02 1.497218621506548288e+02 5.646296607298637582e+01
1.469517054389754662e+02 1.497199659486704206e+02 5.646307415394457507e+01
1.469525661274828394e+02 1.497180437309404510e+02 5.646357205844317662e+01
1.469510900571419540e+02 1.497189222844053234e+02 5.646356561173261213e+01
1.469501149046969886e+02 1.497200426427614275e+02 5.646369421547818490e+01
1.469530494104786840e+02 1.497206921696762834e+02 5.646326258412834420e+01
1.469551102688395758e+02 1.497185446699318163e+02 5.646355101517976038e+01
1.469560717061820583e+02 1.497168722684185127e+02 5.646346956185016808e+01
1.469560950227343312e+02 1.497211068151129325e+02 5.646272511516823300e+01
1.469516293127970243e+02 1.497234441829125444e+02 5.646368626680445146e+01
1.469492986656173343e+02 1.497221039943146934e+02 5.646407436200452423e+01
1.469502208952229978e+02 1.497211512680158876e+02 5.646397691255717888e+01
1.469501217811562128e+02 1.497211312424115874e+02 5.646295137416148435e+01
1.469502212476946852e+02 1.497200449151445127e+02 5.646419791415696920e+01
1.469480433264316162e+02 1.497217063215728672e+02 5.646428651240231034e+01
1.469494932214709593e+02 1.497192194388842950e+02 5.646360089329584753e+01
1.469524327421387966e+02 1.497189904831000433e+02 5.646220675109645981e+01
1.469508865338907526e+02 1.497209468920720781e+02 5.646241597509746413e+01
1.469504743790312205e+02 1.497216417553171368e+02 5.646311458014598372e+01
1.469509509020259088e+02 1.497209407422216429e+02 5.646407916543492433e+01
1.469495162662216785e+02 1.497177503123516260e+02 5.646480428102962890e+01
1.469477852342341180e+02 1.497177725327057658e+02 5.646495300841431231e+01
1.469508676341402236e+02 1.497167637313721684e+02 5.646487943213947602e+01
1.469514233751427241e+02 1.497191979267997510e+02 5.646476102871540093e+01
1.469482081246022460e+02 1.497201562614155250e+02 5.646453134942013463e+01
1.469465978158057737e+02 1.497219698455152184e+02 5.646506997526749672e+01
1.469507046912801229e+02 1.497192096596883175e+02 5.646508707004571193e+01
1.469501450983365771e+02 1.497212920825190281e+02 5.646379469509727755e+01
1.469508171720634095e+02 1.497217406697928368e+02 5.646328579230295475e+01
1.469528303087726613e+02 1.497200716877078435e+02 5.646352566173230514e+01
1.469526968559997897e+02 1.497205696303448690e+02 5.646336720361201600e+01
1.469509391176465556e+02 1.497221781008867367e+02 5.646371661192050340e+01
1.469536486878499773e+02 1.497210039886509776e+02 5.646358876553443906e+01
1.469517931920286173e+02 1.497201029457224877e+02 5.646250195740562106e+01
1.469529959622833530e+02 1.497246337329424932e+02 5.646336744937469376e+01
1.469524870274965735e+02 1.497216929605910991e+02 5.646244345711082246e+01
1.469539507286161779e+02 1.497208228737343063e+02 5.646226933214221333e+01
1.469545666876645100e+02 1.497214298217557484e+02 5.646232149892327357e+01
1.469545096265666757e+02 1.497214746698192585e+02 5.646263824672823262e+01
1.469534505264324764e+02 1.497223729902189575e+02 5.646320719883576089e+01
1.469516717401488393e+02 1.497204467369140275e+02 5.646379720520902623e+01
1.469522717862957109e+02 1.497178094434788136e+02 5.646406990678020321e+01
1.469493789514127684e+02 1.497185727482466291e+02 5.646429800293399381e+01
1.469493209261145807e+02 1.497213983015680299e+02 5.646399935693050764e+01
1.469495451530701757e+02 1.497228740710639272e+02 5.646450252636996936e+01
1.469487323949522306e+02 1.497231897667947749e+02 5.646409512970487299e+01
1.469490015047969678e+02 1.497215968696634718e+02 5.646353391348633011e+01
1.469510029127340260e+02 1.497201451949567854e+02 5.646437361358245255e+01
1.469501172061300736e+02 1.497161701568484204e+02 5.646515114647856848e+01
1.469516649869413527e+02 1.497170338594897885e+02 5.646480581810515531e+01
1.469523625437473697e+02 1.497174616833399909e+02 5.646447147762114582e+01
1.469532876352691346e+02 1.497184652666750821e+02 5.646467897438900252e+01
1.469528448752638781e+02 1.497199569801189796e+02 5.646419953570789829e+01
1.469528418024212328e+02 1.497195568943459421e+02 5.646350851609195587e+01
1.469543301283109145e+02 1.497197185309101997e+02 5.646509136404976914e+01
1.469526842335271795e+02 1.497180336710593451e+02 5.646388976401105708e+01
1.469519038409374900e+02 1.497190967967306108e+02 5.646214202177321795e+01
1.469555420918311768e+02 1.497208433032019457e+02 5.646105237942411748e+01
1.469577723460355969e+02 1.497234850300151265e+02 5.646093264076822038e+01
1.469549272215050735e+02 1.497238397229968712e+02 5.646155816820170514e+01
1.469511744580859158e+02 1.497248909158677179e+02 5.646225837271705927e+01
1.469489223870276362e+02 1.497264536138006861e+02 5.646254861496569788e+01
1.469494376680249559e+02 1.497263748043330054e+02 5.646257208224918145e+01
1.469468812995141036e+02 1.497270965210710187e+02 5.646293935369050843e+01
1.469475504987457839e+02 1.497248933992907496e+02 5.646313397123928723e+01
1.469483995181606701e+02 1.497223730048200139e+02 5.646332671690734628e+01
1.469508595559028663e+02 1.497210234619283256e+02 5.646288851261489583e+01
1.469498517739663725e+02 1.497224322916388815e+02 5.646338967127835673e+01
1.469497450534237544e+02 1.497221077461197751e+02 5.646320525413072744e+01
1.469495982298545300e+02 1.497242290466561485e+02 5.646347419693253755e+01
1.469503468320772583e+02 1.497255628602341631e+02 5.646345089624978186e+01
1.469500797478079903e+02 1.497223155903044471e+02 5.646320700272329418e+01
1.469511258774334124e+02 1.497218716333925954e+02 5.646357390712077517e+01
1.469491325790517635e+02 1.497206144759765039e+02 5.646398840193434410e+01
1.469500238542514126e+02 1.497201047372399216e+02 5.646411437086082685e+01
1.469528924156973630e+02 1.497200328392233928e+02 5.646480559905087659e+01
1.469533769608422915e+02 1.497196486751214479e+02 5.646375124633740938e+01
1.469526792910844506e+02 1.497194904568095239e+02 5.646423886496818767e+01
1.469511912241554512e+02 1.497215478259366250e+02 5.646343131297952311e+01
1.469524356027330896e+02 1.497223195736401067e+02 5.646312501728426980e+01
1.469544660490922467e+02 1.497204691483458987e+02 5.646352112984415328e+01
1.469567543096099485e+02 1.497187096557093469e+02 5.646316370600385426e+01
1.469545538777595652e+02 1.497173940020455234e+02 5.646385921527102880e+01
1.469561145651657057e+02 1.497150013105215294e+02 5.646377088035859515e+01
1.469585913750719897e+02 1.497140113758148914e+02 5.646297741884718846e+01
1.469596759605748275e+02 1.497172493359529994e+02 5.646147339802351439e+01
1.469596704473921136e+02 1.497166003119210700e+02 5.646141742562467414e+01
1.469560019871184409e+02 1.497188016748515338e+02 5.646150804281104740e+01
1.469553036742772179e+02 1.497223163443159422e+02 5.646162977591446008e+01
1.469549142031525548e+02 1.497189157847507204e+02 5.646189615716796339e+01
1.469562749880682020e+02 1.497190180380189872e+02 5.646285195415707392e+01
1.469550482429222029e+02 1.497188697054693023e+02 5.646367625034726956e+01
1.469527460961016061e+02 1.497173132127411463e+02 5.646487581899095431e+01
1.469503803494059753e+02 1.497175945697228485e+02 5.646426690363296075e+01
1.469502064854185051e+02 1.497210443814360588e+02 5.646437266803188493e+01
1.469508470271967440e+02 1.497213594872957287e+02 5.646329313654897675e+01
1.469510183160525969e+02 1.497212591644633335e+02 5.646357725695031604e+01
1.469526172088260410e+02 1.497217233728183032e+02 5.646346404633282390e+01
1.469527935593293080e+02 1.497225283148175095e+02 5.646340806041049376e+01
1.469527521584431327e+02 1.497215890381873464e+02 5.646426783032075036e+01
1.469529405081803475e+02 1.497195616541569905e+02 5.646472073833344041e+01
1.469535831247172837e+02 1.497193913835294552e+02 5.646505330377488008e+01
1.469513535000014031e+02 1.497192515845214871e+02 5.646480716996508420e+01
1.469491603596313780e+02 1.497208539351945547e+02 5.646506202256067297e+01
1.469497132938568882e+02 1.497215568658412792e+02 5.646390553642736876e+01
1.469485134410964804e+02 1.497222118455720192e+02 5.646327196870665688e+01
1.469498435756587469e+02 1.497216412600709248e+02 5.646259562522033093e+01
1.469510216841584054e+02 1.497215912632748314e+02 5.646287764854056945e+01
1.469545081939624538e+02 1.497211399492005057e+02 5.646288665557693065e+01
1.469551089632099661e+02 1.497228558668436449e+02 5.646257644739713299e+01
1.469544259521354093e+02 1.497235156856410754e+02 5.646237567488361719e+01
1.469540819510388587e+02 1.497205735792746850e+02 5.646366135236655737e+01
1.469524069181860000e+02 1.497200298149427340e+02 5.646397029584638716e+01
1.469518571566285345e+02 1.497180627147301095e+02 5.646542202994093884e+01
1.469522512044401878e+02 1.497180399340527401e+02 5.646446062373287589e+01
1.469528923003812793e+02 1.497168925306187077e+02 5.646372316767341459e+01
1.469539925491512804e+02 1.497197099305686265e+02 5.646376747244325855e+01
1.469541122133137492e+02 1.497189178168838453e+02 5.646266636338205558e+01
1.469529339462687858e+02 1.497206905709123248e+02 5.646209514390874773e+01
1.469536353453934510e+02 1.497205840097161058e+02 5.646212381708398453e+01
1.469534693537319470e+02 1.497205543136989547e+02 5.646309816854738983e+01
1.469503900517433976e+02 1.497220139121354237e+02 5.646307253949947835e+01
1.469492400103327441e+02 1.497198267011551138e+02 5.646428115687211857e+01
1.469486682237049706e+02 1.497203657360685440e+02 5.646441572739465897e+01
1.469519443861011041e+02 1.497198720502661331e+02 5.646303186460217205e+01
1.469520413086643771e+02 1.497193438515654975e+02 5.646319050501348613e+01
1.469523579762834515e+02 1.497172704671831411e+02 5.646307790340851085e+01
1.469518567385745200e+02 1.497217452269750879e+02 5.646320794126441456e+01
1.469521439115094665e+02 1.497228692646813784e+02 5.646205521212542067e+01
1.469526100957015160e+02 1.497212947266812648e+02 5.646182122608794174e+01
1.469553209315389495e+02 1.497215659752613419e+02 5.646176669971075057e+01
1.469562479423872503e+02 1.497195030544810948e+02 5.646220223533140370e+01
1.469567064141180026e+02 1.497168373851645811e+02 5.646251790817062499e+01
1.469568330619057406e+02 1.497157092884824010e+02 5.646362597145071760e+01
1.469561867355616869e+02 1.497178021473323497e+02 5.646335187160050850e+01
1.469545967346392672e+02 1.497210319008282227e+02 5.646263141540705988e+01
1.469520497596576547e+02 1.497225630898206816e+02 5.646255953662688398e+01
1.469491167461019359e+02 1.497227925655126057e+02 5.646328238972532176e+01
1.469490594097940175e+02 1.497207028536141138e+02 5.646317268668137501e+01
1.469501494453945725e+02 1.497207449055664199e+02 5.646361462039359935e+01
1.469506876963775710e+02 1.497219457670988731e+02 5.646348826268661014e+01
1.469501725021973471e+02 1.497216679667388348e+02 5.646463108401563602e+01
1.469493721725867204e+02 1.497217118460535517e+02 5.646457886176902718e+01
1.469469942910259590e+02 1.497248699257281714e+02 5.646492946557618353e+01
1.469454152977093031e+02 1.497229050068333720e+02 5.646516973584347454e+01
1.469473336846979521e+02 1.497206676711617206e+02 5.646465425907681634e+01
1.469462841139238378e+02 1.497208053166247907e+02 5.646428496166538480e+01
1.469492710851184825e+02 1.497200239589271291e+02 5.646395168423741495e+01
1.469487027700857880e+02 1.497206305014345560e+02 5.646471491029895873e+01
1.469520730153709565e+02 1.497191213595824024e+02 5.646483505019409677e+01
1.469545786697258904e+02 1.497178167070900372e+02 5.646452279541736630e+01
1.469546104309114298e+02 1.497164900108973598e+02 5.646422989669015635e+01
1.469532184173449139e+02 1.497163965066879427e+02 5.646435298707473294e+01
1.469537032030237924e+02 1.497174767437498417e+02 5.646358243420206691e+01
1.469559018785623152e+02 1.497163717546158068e+02 5.646288226577443226e+01
1.469544332497982850e+02 1.497202113687031897e+02 5.646307806015289543e+01
1.469548560270578150e+02 1.497186148842448006e+02 5.646318844612191867e+01
1.469532535194746288e+02 1.497210316882232632e+02 5.646380289720866585e+01
1.469519181310611486e+02 1.497213313214327286e+02 5.646295412983120343e+01
1.469517633245228581e+02 1.497212779395043754e+02 5.646362608600250610e+01
1.469516910147456485e+02 1.497214169538844999e+02 5.646375881755874104e+01
1.469502936704039939e+02 1.497242634591517003e+02 5.646374447813669661e+01
1.469485381309881404e+02 1.497228578481575596e+02 5.646377959508394895e+01
1.469484501930887461e+02 1.497248008580331202e+02 5.646337460675991338e+01
1.469483564635544894e+02 1.497233131530197738e+02 5.646257594850020212e+01
1.469493035292036893e+02 1.497232797034097587e+02 5.646283141071509704e+01
1.469481831909446043e+02 1.497235005549152334e+02 5.646346105363167567e+01
1.469488285190634258e+02 1.497232350038379138e+02 5.646343743948539640e+01
1.469512225354720840e+02 1.497210850785836840e+02 5.646408890749935239e+01
1.469503231502683889e+02 1.497236806236032862e+02 5.646307498502227418e+01
1.469479968357208008e+02 1.497240491343724500e+02 5.646320799335609308e+01
1.469507919622128327e+02 1.497261981364530072e+02 5.646373713824411311e+01
1.469506947578311724e+02 1.497223992484560995e+02 5.646456845568056337e+01
1.469493180440920810e+02 1.497220231378133803e+02 5.646379267148846282e+01
1.469490786488694880e+02 1.497229728188698346e+02 5.646320585955072602e+01
1.469509793151593442e+02 1.497223589464357758e+02 5.646301362589879602e+01
1.469515040170331872e+02 1.497220707739908221e+02 5.646259382320812392e+01
1.469499880124379843e+02 1.497195031131651604e+02 5.646338380164732484e+01
1.469502803638779938e+02 1.497205733655772804e+02 5.646252161670129510e+01
1.469479842290242573e+02 1.497238884310437186e+02 5.646300572839847121e+01
1.469483948823891524e+02 1.497249167893458548e+02 5.646229563210865621e+01
1.469458303614666193e+02 1.497267556530681532e+02 5.646261672065047321e+01
1.469454659712057492e+02 1.497252032679630815e+02 5.646383427362805918e+01
1.469452653712448296e+02 1.497260970909179036e+02 5.646339093865923786e+01
1.469461973306421214e+02 1.497252588585249100e+02 5.646343160891055390e+01
1.469467365944965991e+02 1.497231281169249826e+02 5.646464624697885171e+01
1.469466075347570495e+02 1.497189350420318874e+02 5.646500922067399131e+01
1.469499714785001174e+02 1.497194602244265980e+02 5.646506949301284806e+01
1.469491597025550504e+02 1.497212660028904452e+02 5.646467752895962633e+01
1.469505165168545204e+02 1.497187449467298279e+02 5.646343223317805382e+01
1.469533276040574208e+02 1.497170676662557014e+02 5.646343780725145223e+01
1.469533534184709254e+02 1.497175722254854122e+02 5.646338831957962867e+01
1.469558791139302230e+02 1.497178674353824022e+02 5.646261266917352373e+01
1.469539824322154971e+02 1.497193281410715713e+02 5.646364737747143181e+01
1.469539017589841592e+02 1.497187939344097742e+02 5.646335435483094045e+01
1.469504034214502042e+02 1.497179410662938608e+02 5.646554053201596446e+01
1.469519466951871891e+02 1.497192053827878340e+02 5.646560977939564907e+01
1.469512654834789203e+02 1.497189829166425170e+02 5.646466214805238337e+01
1.469502302760525652e+02 1.497212185165867595e+02 5.646450946603077625e+01
1.469496372115593488e+02 1.497238315724346762e+02 5.646399130663718324e+01
1.469482530102366127e+02 1.497259017702717756e+02 5.646374516562632095e+01
1.469486208964415823e+02 1.497254919684816059e+02 5.646316815416150092e+01
1.469488503045941457e+02 1.497268403811698931e+02 5.646300140780072496e+01
1.469499601854207924e+02 1.497234891793493716e+02 5.646330777253992039e+01
1.469497029017669547e+02 1.497226244656819176e+02 5.646377268705242614e+01
1.469508451024637452e+02 1.497189174255539115e+02 5.646418011991355002e+01
1.469537059034132085e+02 1.497189801858977205e+02 5.646522371326389589e+01
1.469534914371930654e+02 1.497186015185069436e+02 5.646409405230026124e+01
1.469533972349938438e+02 1.497159157074478344e+02 5.646516896182173184e+01
1.469556824744797723e+02 1.497123831948056250e+02 5.646473227971266340e+01
1.469540902275230678e+02 1.497151507970166904e+02 5.646453718618575834e+01
1.469546228279903630e+02 1.497175501352014066e+02 5.646436941632097728e+01
1.469534697456988397e+02 1.497169004669766821e+02 5.646331354953807846e+01
1.469539770097730980e+02 1.497183948847611816e+02 5.646307292353687757e+01
1.469515686638713987e+02 1.497206719205723857e+02 5.646315120447016511e+01
1.469522392999533054e+02 1.497225660173415349e+02 5.646319505691501206e+01
1.469512905831996363e+02 1.497238737468082377e+02 5.646237844164618735e+01
1.469496436583142440e+02 1.497241310019024354e+02 5.646262403613171443e+01
1.469468892462502083e+02 1.497266485531790181e+02 5.646387937854530037e+01
1.469442776323174371e+02 1.497235053365947692e+02 5.646386171104994389e+01
1.469462920745377801e+02 1.497215302218734791e+02 5.646449098132872280e+01
1.469487904787845878e+02 1.497219209907935067e+02 5.646345692528967675e+01
1.469500868741350246e+02 1.497220176322243219e+02 5.646367652499519352e+01
1.469492409874995644e+02 1.497215473825949630e+02 5.646413292602535705e+01
1.469486177733409704e+02 1.497208338205264795e+02 5.646383663893151095e+01
1.469457527483460524e+02 1.497221828746897927e+02 5.646370703519728806e+01
1.469461355764806001e+02 1.497223775802950740e+02 5.646382652614069286e+01
1.469473305481128023e+02 1.497222299823755520e+02 5.646484213769241478e+01
1.469496530766578530e+02 1.497200027420965682e+02 5.646472423443232458e+01
1.469515993498619650e+02 1.497192595505454165e+02 5.646427879572058117e+01
1.469521241617959504e+02 1.497209348780619678e+02 5.646432428523736746e+01
1.469516178160387199e+02 1.497188619299225820e+02 5.646378430123023406e+01
1.469532330122964936e+02 1.497195258973265481e+02 5.646361132030571639e+01
1.469521904364200680e+02 1.497184466102174838e+02 5.646479256535788238e+01
1.469514394807956990e+02 1.497170012659831286e+02 5.646534386216895740e+01
1.469528521353971087e+02 1.497166856832446911e+02 5.646430773454289920e+01
1.469535807520323374e+02 1.497152403305251482e+02 5.646469024181142515e+01
1.469519920141922853e+02 1.497157111664412810e+02 5.646494142838992047e+01
1.469503962323834685e+02 1.497164172924372281e+02 5.646579339305171175e+01
1.469515207311381459e+02 1.497155794816284526e+02 5.646581262734096640e+01
1.469522832624749071e+02 1.497157432570809306e+02 5.646581833898787295e+01
1.469502452829520394e+02 1.497176192908810322e+02 5.646466037984018271e+01
1.469501482805927708e+02 1.497199785546015107e+02 5.646455079819077127e+01
1.469497659296247889e+02 1.497218431828135294e+02 5.646409412748411683e+01
1.469477253401769872e+02 1.497224607759878268e+02 5.646405514705853079e+01
1.469464411682307627e+02 1.497230840763988908e+02 5.646417082574940594e+01
1.469429648453526056e+02 1.497273776219273032e+02 5.646512009825105594e+01
1.469415338594635898e+02 1.497280789484954937e+02 5.646494857986991889e+01
1.469456213963882760e+02 1.497253717634657164e+02 5.646444520138196310e+01
1.469476599807740342e+02 1.497257611452012043e+02 5.646416174292232881e+01
1.469491077432093107e+02 1.497242318382991186e+02 5.646446623952608945e+01
1.469498703849024821e+02 1.497191083041762454e+02 5.646442035399294923e+01
1.469512253931179089e+02 1.497187743228262775e+02 5.646446789955996337e+01
1.469521103368500690e+02 1.497190921551477345e+02 5.646475493053760886e+01
1.469526642035310715e+02 1.497189870734889041e+02 5.646470557803181833e+01
1.469548348510068649e+02 1.497202024134264775e+02 5.646341177150603130e+01
1.469543292737841966e+02 1.497195794327816714e+02 5.646370629391964968e+01
1.469548286210492165e+02 1.497187301189153459e+02 5.646375578151075558e+01
1.469544391778257193e+02 1.497198144711467194e+02 5.646432075138859830e+01
1.469525220548982247e+02 1.497192016224258850e+02 5.646391375535912971e+01
1.469526518190334627e+02 1.497174899791639007e+02 5.646352568101828240e+01
1.469540424642232210e+02 1.497172475839892059e+02 5.646406653815040499e+01
1.469560861565646519e+02 1.497174362228560085e+02 5.646407877430118560e+01
1.469555588048978620e+02 1.497202480181972533e+02 5.646334578838165896e+01
1.469543622705942880e+02 1.497204740428450123e+02 5.646284328438586897e+01
1.469557263868750852e+02 1.497194698222579632e+02 5.646243048162874345e+01
1.469561597402724828e+02 1.497206867684989788e+02 5.646241852113993787e+01
1.469550515114809173e+02 1.497231678617383750e+02 5.646284407543937789e+01
1.469543143778008414e+02 1.497233543254031929e+02 5.646201048222393126e+01
1.469539175669978022e+02 1.497211857496835705e+02 5.646249487025392000e+01
1.469543995074621989e+02 1.497210571985268928e+02 5.646288175812497911e+01
1.469544443636464450e+02 1.497188613101806141e+02 5.646251502796283717e+01
1.469540713645986898e+02 1.497211493908794182e+02 5.646264639491749193e+01
1.469556508273473696e+02 1.497200609763727073e+02 5.646248334778598377e+01
1.469557831967510424e+02 1.497161342812802900e+02 5.646194616708289971e+01
1.469549571322759789e+02 1.497139322188623964e+02 5.646280111084919184e+01
1.469553006388769347e+02 1.497142295705904189e+02 5.646353765168926486e+01
1.469553060241321987e+02 1.497155372777570790e+02 5.646424964745961006e+01
1.469545508790548354e+02 1.497151776905671454e+02 5.646457956425189195e+01
1.469555555898753596e+02 1.497147227634014257e+02 5.646473942549779679e+01
1.469545486378114276e+02 1.497156999633328098e+02 5.646513451079329116e+01
1.469531746411371387e+02 1.497159590699097862e+02 5.646553751712076519e+01
1.469533983949358174e+02 1.497168784128775485e+02 5.646483034431749815e+01
1.469514252708393087e+02 1.497189962199130093e+02 5.646449855316414101e+01
1.469530001162317490e+02 1.497168715041150335e+02 5.646425711742869424e+01
1.469554926099581849e+02 1.497190916504259803e+02 5.646400055766443415e+01
1.469557040808196291e+02 1.497197052115223528e+02 5.646424119692520804e+01
1.469528005105937893e+02 1.497200189570653492e+02 5.646435955408325924e+01
1.469524643513858280e+02 1.497201075040696310e+02 5.646336119778587204e+01
1.469534203878587846e+02 1.497193993512128429e+02 5.646288111280222211e+01
1.469532478366186581e+02 1.497175396575744060e+02 5.646349287201532263e+01
1.469519503429023359e+02 1.497153963760114834e+02 5.646492064553781631e+01
1.469510121324447596e+02 1.497165246219025221e+02 5.646468156168678831e+01
1.469517299233823735e+02 1.497195510753620340e+02 5.646379801529397469e+01
1.469513058297659711e+02 1.497213505197901213e+02 5.646407673609159161e+01
1.469493494053370171e+02 1.497257951739323687e+02 5.646330612692728579e+01
1.469489553522077188e+02 1.497259959241101797e+02 5.646248419753827363e+01
1.469482392566109183e+02 1.497258516545507518e+02 5.646209016571751249e+01
1.469484963179733370e+02 1.497261345883208037e+02 5.646219509829593619e+01
1.469498112366080136e+02 1.497224112492806967e+02 5.646265871189847019e+01
1.469523940802463358e+02 1.497206566842156690e+02 5.646316839313706737e+01
1.469524015541120718e+02 1.497200673125283856e+02 5.646315536651727029e+01
1.469535702705643416e+02 1.497213382000963975e+02 5.646309586276339587e+01
1.469535946487194451e+02 1.497211051201168743e+02 5.646314815605370541e+01
1.469536600328626719e+02 1.497200846071314970e+02 5.646415632573533117e+01
1.469546920604789761e+02 1.497170572607592476e+02 5.646349958366158717e+01
1.469562378997337078e+02 1.497183256360331711e+02 5.646380634743330518e+01
1.469561185976442061e+02 1.497193579831567263e+02 5.646413405710760003e+01
1.469540329983769311e+02 1.497196908726313609e+02 5.646388451845232481e+01
1.469494628326576162e+02 1.497198668816944291e+02 5.646419120111600165e+01
1.469493059835662621e+02 1.497206925161491142e+02 5.646399725707715334e+01
1.469492319945245811e+02 1.497213315930131330e+02 5.646469060684533758e+01
1.469492098375858973e+02 1.497195167315588833e+02 5.646488308198229333e+01
1.469500267744408575e+02 1.497179157139506174e+02 5.646498916354955355e+01
1.469497496985662792e+02 1.497199243087941340e+02 5.646448322496784300e+01
1.469492031224626203e+02 1.497202844212663990e+02 5.646402386949139185e+01
1.469486683624947432e+02 1.497207441766900047e+02 5.646251472997970211e+01
1.469489815644033968e+02 1.497233752306538861e+02 5.646233643412364245e+01
1.469493817383607848e+02 1.497206851117331894e+02 5.646392764429563726e+01
1.469508335924276707e+02 1.497190274672391297e+02 5.646461876146730674e+01
1.469519117123521710e+02 1.497205183950498224e+02 5.646434547517007019e+01
1.469529797191186162e+02 1.497208962963708530e+02 5.646396948661029569e+01
1.469524967702148501e+02 1.497224078678839874e+02 5.646338513472787213e+01
1.469512754635449596e+02 1.497222813767536422e+02 5.646270726977594734e+01
1.469490393760989377e+02 1.497224134152253612e+02 5.646283605210718548e+01
1.469473960383213580e+02 1.497245116858535425e+02 5.646246630519188159e+01
1.469468941214527717e+02 1.497255725500560288e+02 5.646317067766857178e+01
1.469463649954636253e+02 1.497260827464181432e+02 5.646354650635716155e+01
1.469461410784612099e+02 1.497265902174926850e+02 5.646430150726062891e+01
1.469482346866138869e+02 1.497223277956011316e+02 5.646439077510078164e+01
1.469468740939580584e+02 1.497206466416591297e+02 5.646323145717013858e+01
1.469465203183058861e+02 1.497216976007247808e+02 5.646352898830406275e+01
1.469483622115696733e+02 1.497226077510803748e+02 5.646392639852422235e+01
1.469501993891717007e+02 1.497220715287653832e+02 5.646424425974403505e+01
1.469512523352874496e+02 1.497213238682369649e+02 5.646364288169563395e+01
1.469504669859699106e+02 1.497213510363501143e+02 5.646375472546640850e+01
1.469488873457958675e+02 1.497207798426553040e+02 5.646458681424741144e+01
1.469494265064435581e+02 1.497219592334371612e+02 5.646473814265842606e+01
1.469509510050452263e+02 1.497196823952148179e+02 5.646432324697119043e+01
1.469523621480434201e+02 1.497207882104831924e+02 5.646363728907623170e+01
1.469491225085992596e+02 1.497198106919319684e+02 5.646366700435065411e+01
1.469504647834384627e+02 1.497177375977544784e+02 5.646432344966590477e+01
1.469522143732410200e+02 1.497177361816368943e+02 5.646412403536950109e+01
1.469522365372571358e+02 1.497185286697020672e+02 5.646371708637072118e+01
1.469527045688474232e+02 1.497180717559398886e+02 5.646388705865475544e+01
1.469526740859240022e+02 1.497171726766029565e+02 5.646348295417632812e+01
1.469522547136499782e+02 1.497177852552734691e+02 5.646330747709634323e+01
1.469501895884346254e+02 1.497206130971324001e+02 5.646302965341612889e+01
1.469509922391936243e+02 1.497205862523690882e+02 5.646291368950122092e+01
1.469508594419899055e+02 1.497202624603249888e+02 5.646345719222634330e+01
1.469520746225772427e+02 1.497199293421397215e+02 5.646357953530371532e+01
1.469530478135072258e+02 1.497223868246863674e+02 5.646283640548480065e+01
1.469519746901610517e+02 1.497216981300779253e+02 5.646197368987199638e+01
1.469535046990548324e+02 1.497208761207172074e+02 5.646216975206468902e+01
1.469528700220020880e+02 1.497216451262507917e+02 5.646228388577463164e+01
1.469524520433415944e+02 1.497240434381248519e+02 5.646216850538330334e+01
1.469513918414554610e+02 1.497248704571975679e+02 5.646162926906377777e+01
1.469515413240309840e+02 1.497243775093095337e+02 5.646135886596981379e+01
1.469515517930230999e+02 1.497251871235814633e+02 5.646157975154433473e+01
1.469513715348577989e+02 1.497249706503654068e+02 5.646211026474884420e+01
1.469524666726649684e+02 1.497250189849435742e+02 5.646252090601913665e+01
1.469526689002270246e+02 1.497239909435745631e+02 5.646198723561047927e+01
1.469492314069692611e+02 1.497245490045012843e+02 5.646255443959175579e+01
1.469485899874897541e+02 1.497236417005857447e+02 5.646325151297901357e+01
1.469467697997045548e+02 1.497237478221273932e+02 5.646308008925821298e+01
