1.467768674965930984e+02 1.495462288463509992e+02 1.480435088298579558e+02
1.469181362948326637e+02 1.496883880797659572e+02 1.481854747096598146e+02
1.469455468147761792e+02 1.497136463576375149e+02 1.482119889775338493e+02
1.469487732623205432e+02 1.497201071341270335e+02 1.482166625429611599e+02
1.469496836734713838e+02 1.497240233037325652e+02 1.482172422279156763e+02
1.469496942006536813e+02 1.497241779526754328e+02 1.482166804371386206e+02
1.469506621212946698e+02 1.497237809782641307e+02 1.482171993876387432e+02
1.469493999761439795e+02 1.497230656633001615e+02 1.482176197530346258e+02
1.469490718085656908e+02 1.497233815152692671e+02 1.482182151429170460e+02
1.469497057152971706e+02 1.497220260754812102e+02 1.482184199991450555e+02
1.469498845195003867e+02 1.497221347407120788e+02 1.482192147213918076e+02
1.469492005494854254e+02 1.497219001156246634e+02 1.482191632581410090e+02
1.469490734983459106e+02 1.497219318184436645e+02 1.482193305731096302e+02
1.469487300306638815e+02 1.497213027879973595e+02 1.482195231574627314e+02
1.469488656049176711e+02 1.497222915464060691e+02 1.482205657719933356e+02
1.469472879388252977e+02 1.497215587499348999e+02 1.482214509908137643e+02
1.469488353497956723e+02 1.497200776305854220e+02 1.482235013181332874e+02
1.469478860432550960e+02 1.497204158593479519e+02 1.482229421136683811e+02
1.469480817900645491e+02 1.497220539356763425e+02 1.482210196023331150e+02
1.469489922172088541e+02 1.497211233212632351e+02 1.482199423475696847e+02
1.469486122034413143e+02 1.497227684797548477e+02 1.482189971019351162e+02
1.469484308459395834e+02 1.497232175062677015e+02 1.482187520463504313e+02
1.469494616366217201e+02 1.497224771631297244e+02 1.482171207822735823e+02
1.469487129944123467e+02 1.497230786118066135e+02 1.482181158630712616e+02
1.469503866939214163e+02 1.497226904814091029e+02 1.482183689698193803e+02
1.469508446901585330e+02 1.497216411691286169e+02 1.482182811410998511e+02
1.469493528484105980e+02 1.497227641573555275e+02 1.482192208685582671e+02
1.469502733150748099e+02 1.497230889538101621e+02 1.482201606511450791e+02
1.469500249197259336e+02 1.497227209783668513e+02 1.482190621896402831e+02
1.469509865367931241e+02 1.497229174448278854e+02 1.482183886734710541e+02
1.469518331905321986e+02 1.497213174653259102e+02 1.482179764392977859e+02
1.469515394705032350e+02 1.497216750042236413e+02 1.482171482987583317e+02
1.469505069096496754e+02 1.497215313002565438e+02 1.482177371297244122e+02
1.469497337901201206e+02 1.497228661838733217e+02 1.482178321919729456e+02
1.469489723140523552e+02 1.497243395202494298e+02 1.482172295969966171e+02
1.469475365210167297e+02 1.497240289813692300e+02 1.482191809993816491e+02
1.469479721062974136e+02 1.497241249110679746e+02 1.482182721457207890e+02
1.469496401275944777e+02 1.497249221202455374e+02 1.482171977593555994e+02
1.469492113018035013e+02 1.497232867350525680e+02 1.482172975731745623e+02
1.469489425023869558e+02 1.497213748309894186e+02 1.482184791710039065e+02
1.469497805185524157e+02 1.497223200849698799e+02 1.482200434307108594e+02
1.469503133909824726e+02 1.497209512162888814e+02 1.482201242741968485e+02
1.469511398881678019e+02 1.497223946696868211e+02 1.482197950809890585e+02
1.469487743644009470e+02 1.497233531390284611e+02 1.482199686261047873e+02
1.469479598490177921e+02 1.497240956138156207e+02 1.482197328365360249e+02
1.469486616055064587e+02 1.497230895750550133e+02 1.482208172362853418e+02
1.469485140472616820e+02 1.497212434797265814e+02 1.482194930650783817e+02
1.469478443702566324e+02 1.497212660378320663e+02 1.482192487544863013e+02
1.469488579408084092e+02 1.497222158532031244e+02 1.482190072412999768e+02
1.469488543642531511e+02 1.497212112319122070e+02 1.482184086017825848e+02
1.469487116713625880e+02 1.497225292177275264e+02 1.482182281859290356e+02
1.469490838570413018e+02 1.497226939361246139e+02 1.482184993267466666e+02
1.469491444474215598e+02 1.497227350785450426e+02 1.482173969818778687e+02
1.469497452440623420e+02 1.497221584231986640e+02 1.482171233198677669e+02
1.469502939160470305e+02 1.497231684490408270e+02 1.482186662680756797e+02
1.469514324590755905e+02 1.497225001759501026e+02 1.482173464051989811e+02
1.469517838741734579e+02 1.497220893906423385e+02 1.482173427029017887e+02
1.469520384398051078e+02 1.497219167282841568e+02 1.482152465751146906e+02
1.469524352690803255e+02 1.497208644440293028e+02 1.482152907362226983e+02
1.469523918740638919e+02 1.497216529596377939e+02 1.482166885711977216e+02
1.469515426619796585e+02 1.497231340035304470e+02 1.482161640739649897e+02
1.469525329017557169e+02 1.497228051625580179e+02 1.482154552160067738e+02
1.469528194620143609e+02 1.497210892323559790e+02 1.482163240358227370e+02
1.469533946918739389e+02 1.497199882986019475e+02 1.482166824120513411e+02
1.469532552255237761e+02 1.497213714258650157e+02 1.482149296208409055e+02
1.469539987198455719e+02 1.497218144054528182e+02 1.482151278081136070e+02
1.469526890990707670e+02 1.497238122592512184e+02 1.482138341622094231e+02
1.469515555381840102e+02 1.497236808589060502e+02 1.482145745841207258e+02
1.469528034915211663e+02 1.497228311633559201e+02 1.482146457045366219e+02
1.469516759378992674e+02 1.497245277116416275e+02 1.482161522110677652e+02
1.469518417142609792e+02 1.497240217610005857e+02 1.482170756204128566e+02
1.469498386055453238e+02 1.497232018823500539e+02 1.482165240664031671e+02
1.469495987477791061e+02 1.497234585688645438e+02 1.482164139440842519e+02
1.469489917254272768e+02 1.497247084619323516e+02 1.482168017147731121e+02
1.469472825249402490e+02 1.497263682567015621e+02 1.482170206432034547e+02
1.469464270873263558e+02 1.497274994779569397e+02 1.482173100560095520e+02
1.469448637618973521e+02 1.497286694082174279e+02 1.482172459428267643e+02
1.469457531784395599e+02 1.497294008183846188e+02 1.482160134026288461e+02
1.469455953526870644e+02 1.497288414984510609e+02 1.482159179494684622e+02
1.469468545978044745e+02 1.497286086771757994e+02 1.482173661388332562e+02
1.469483515893680874e+02 1.497278583240964167e+02 1.482178166883355175e+02
1.469488548087131505e+02 1.497269018915306162e+02 1.482176914605348088e+02
1.469500798957904237e+02 1.497257741759468672e+02 1.482177433621079388e+02
1.469495685623288068e+02 1.497239270747987518e+02 1.482170740703354568e+02
1.469509694436323457e+02 1.497223244432159390e+02 1.482169645426817510e+02
1.469508305492428804e+02 1.497225013884051066e+02 1.482179332129909426e+02
1.469501288287846137e+02 1.497216846705175044e+02 1.482187888752497429e+02
1.469492207132875592e+02 1.497216584412282714e+02 1.482195146921787909e+02
1.469519784760597645e+02 1.497219440723561661e+02 1.482190452998740398e+02
1.469528955542688209e+02 1.497211936040253875e+02 1.482177962737472399e+02
1.469526811821425554e+02 1.497198723780302885e+02 1.482178271362948010e+02
1.469521723951746992e+02 1.497211302515891305e+02 1.482195776826956148e+02
1.469520415025737066e+02 1.497214547224702130e+02 1.482200030422490045e+02
1.469514411623746639e+02 1.497223106783887943e+02 1.482190053533460059e+02
1.469519156814253051e+02 1.497227343638082004e+02 1.482187134910213047e+02
1.469503838279337060e+02 1.497223124894642297e+02 1.482177752171764098e+02
1.469509341808964109e+02 1.497229391983062783e+02 1.482170594702287190e+02
1.469519236429441094e+02 1.497236652827862713e+02 1.482165534348665119e+02
1.469514949103526078e+02 1.497246688672859705e+02 1.482148396366374641e+02
1.469505376843578688e+02 1.497253695170616652e+02 1.482149992420483500e+02
1.469494031528242317e+02 1.497249006745482234e+02 1.482158499531788607e+02
