1.467781363328149098e+02 1.495454058735747651e+02 5.639710389116763167e+01
1.469183094957257367e+02 1.496878952675984635e+02 5.645142852069060524e+01
1.469431062879782246e+02 1.497146233591445537e+02 5.646096682914581777e+01
1.469506318983514461e+02 1.497202336587268974e+02 5.646353679821956462e+01
1.469502736235609461e+02 1.497206306316767837e+02 5.646381605694228512e+01
1.469533741132108560e+02 1.497180645976424103e+02 5.646493616537996019e+01
1.469520934520387527e+02 1.497155529152622080e+02 5.646601908543025417e+01
1.469533712768154601e+02 1.497155609356663888e+02 5.646486043829941082e+01
1.469526547569100217e+02 1.497182060345170385e+02 5.646443809560682325e+01
1.469538596839689717e+02 1.497164988656999753e+02 5.646418817613233898e+01
1.469543640177070642e+02 1.497157266569157628e+02 5.646417401863106278e+01
1.469554118900178423e+02 1.497158426175487023e+02 5.646399035625381657e+01
1.469537467615868707e+02 1.497166042897654847e+02 5.646410549551691815e+01
1.469519690213143690e+02 1.497170814236485228e+02 5.646380182801589598e+01
1.469494506223605299e+02 1.497186106716999632e+02 5.646317788389349346e+01
1.469498737753524722e+02 1.497230605894736186e+02 5.646303359649644449e+01
1.469474715837945951e+02 1.497241480968082215e+02 5.646352882441366461e+01
1.469466775780676926e+02 1.497245969426651584e+02 5.646351051600535698e+01
1.469461944291210784e+02 1.497238697144665593e+02 5.646383036914104281e+01
1.469445937004538791e+02 1.497238521815455670e+02 5.646456611452973107e+01
1.469448400331514506e+02 1.497214660548769416e+02 5.646440796279389929e+01
1.469462058148180574e+02 1.497196051088206730e+02 5.646465890133301002e+01
1.469490330956529647e+02 1.497216586954650381e+02 5.646455111107589175e+01
1.469507660856112352e+02 1.497207877521366868e+02 5.646368924811928025e+01
1.469493220664970750e+02 1.497232566210525704e+02 5.646322849157532175e+01
1.469501427081478937e+02 1.497232610711915868e+02 5.646368178576596364e+01
1.469476558457633075e+02 1.497218592391665766e+02 5.646381692159437904e+01
1.469525397657246799e+02 1.497200879070610426e+02 5.646379028088260554e+01
1.469525566119269797e+02 1.497206577531871972e+02 5.646363342386463557e+01
1.469511385211258698e+02 1.497185638469588014e+02 5.646441985376625183e+01
1.469519599218781138e+02 1.497191411574208644e+02 5.646447298155035099e+01
1.469523858423166303e+02 1.497179126206161754e+02 5.646466759020180604e+01
1.469533048241172537e+02 1.497179357146866607e+02 5.646447007380074723e+01
1.469502849356828165e+02 1.497163745347212966e+02 5.646459104773379778e+01
1.469507314270309166e+02 1.497178008982668302e+02 5.646421343270822746e+01
1.469518998086902570e+02 1.497177416883996273e+02 5.646427879836215169e+01
1.469543117866087414e+02 1.497198133073144959e+02 5.646375843878089285e+01
1.469508613174380685e+02 1.497192868143103510e+02 5.646431786706254741e+01
1.469518974190059453e+02 1.497193601825286464e+02 5.646418068830682557e+01
1.469509151447360864e+02 1.497197347874439970e+02 5.646448517852748239e+01
1.469506548300961413e+02 1.497187230814793679e+02 5.646440656252893575e+01
1.469522700909182902e+02 1.497191283485443591e+02 5.646422497046474120e+01
1.469503746365824668e+02 1.497201084308129566e+02 5.646349211463432027e+01
1.469514260919469280e+02 1.497220853317785725e+02 5.646387492695760102e+01
1.469497497339157803e+02 1.497239236780241072e+02 5.646376166514079387e+01
1.469493297724241074e+02 1.497224613936573405e+02 5.646319572612174653e+01
1.469518847147230076e+02 1.497210811691482490e+02 5.646362076379233486e+01
1.469511022465381984e+02 1.497200083464301770e+02 5.646379284797313858e+01
1.469525461626780043e+02 1.497203478781459012e+02 5.646373809348510520e+01
1.469528560749495227e+02 1.497213828076624509e+02 5.646396055467253916e+01
1.469523704352445748e+02 1.497193538074031949e+02 5.646316658873271166e+01
1.469524905630560170e+02 1.497195863085689211e+02 5.646304074227774805e+01
1.469514795359636992e+02 1.497210899036084299e+02 5.646333325563768568e+01
1.469495391882257991e+02 1.497212287556924366e+02 5.646359418873440461e+01
1.469493864872189590e+02 1.497220309931564088e+02 5.646388755939275939e+01
1.469507718902825104e+02 1.497204818273269495e+02 5.646350005218043577e+01
1.469514784603333624e+02 1.497209825008964685e+02 5.646347170902247115e+01
1.469502583661854374e+02 1.497240067541701478e+02 5.646405658371502057e+01
1.469491613696706054e+02 1.497260009387225352e+02 5.646438171985327870e+01
1.469468297347834778e+02 1.497240874874464396e+02 5.646405695700488536e+01
1.469456622363148313e+02 1.497233602100675967e+02 5.646433413485895159e+01
1.469453687937690631e+02 1.497229881115241881e+02 5.646401261658202486e+01
1.469448866630486918e+02 1.497232998854162815e+02 5.646329329126663765e+01
1.469468401954170247e+02 1.497231954085548864e+02 5.646426964199250165e+01
1.469473711802033336e+02 1.497219282063587684e+02 5.646409191209077960e+01
1.469479915077644137e+02 1.497240414471604595e+02 5.646442452232363962e+01
1.469498980165532487e+02 1.497226530100145396e+02 5.646430334272594109e+01
1.469504140579221030e+02 1.497195469343135983e+02 5.646459650398092123e+01
1.469504620230388241e+02 1.497183090578811289e+02 5.646497765156021842e+01
1.469507199732195772e+02 1.497207669456446979e+02 5.646478254165300825e+01
1.469515318328293745e+02 1.497234064249810785e+02 5.646483849931063048e+01
1.469519910845556865e+02 1.497211564739831999e+02 5.646474750166454726e+01
1.469500587348184126e+02 1.497198635228131423e+02 5.646417107786005829e+01
1.469517963783178516e+02 1.497192851786630001e+02 5.646352349017720940e+01
1.469538138109922158e+02 1.497197316858582212e+02 5.646312012197037689e+01
1.469532807049120606e+02 1.497209372895774209e+02 5.646322249807914773e+01
1.469537713732775046e+02 1.497222870052550547e+02 5.646395613196921914e+01
1.469518249941175441e+02 1.497222182318053001e+02 5.646369298305829432e+01
1.469504855871950895e+02 1.497212778666471422e+02 5.646346027838098536e+01
1.469497638885522974e+02 1.497186811563544779e+02 5.646407922495129839e+01
1.469501058098930457e+02 1.497209092966602952e+02 5.646482519439210535e+01
1.469502140883845129e+02 1.497196794436923142e+02 5.646496755795577371e+01
1.469492781743048226e+02 1.497202185171917677e+02 5.646486252709199505e+01
1.469493579664625145e+02 1.497230176093863747e+02 5.646442751321082199e+01
1.469491152494037465e+02 1.497231624763186346e+02 5.646388221553925746e+01
1.469513269023760813e+02 1.497208925498452459e+02 5.646320553008825982e+01
1.469507833212478545e+02 1.497184637529427960e+02 5.646339899604173951e+01
1.469481755157523253e+02 1.497191487067541971e+02 5.646430291494732501e+01
1.469488810213465797e+02 1.497219474759362754e+02 5.646512113411702671e+01
1.469472438379837627e+02 1.497210803944075792e+02 5.646493747865335422e+01
1.469492709618129709e+02 1.497202203655285189e+02 5.646472384986888216e+01
1.469490347761904445e+02 1.497173316488272690e+02 5.646360094673568142e+01
1.469495369294410239e+02 1.497203287317946661e+02 5.646376713352064769e+01
1.469476134128552758e+02 1.497194680432879750e+02 5.646371165237458456e+01
1.469485845294565252e+02 1.497201660646837240e+02 5.646440120400185947e+01
1.469493779586513256e+02 1.497178511051039891e+02 5.646481488897032364e+01
1.469498077099859188e+02 1.497184171069605441e+02 5.646433530143009705e+01
1.469498198816014565e+02 1.497206126228427934e+02 5.646433091373302915e+01
1.469503939574721585e+02 1.497200239903904162e+02 5.646465763063715571e+01
1.469482581126135301e+02 1.497202023995219520e+02 5.646488066241187198e+01
1.469513687193209819e+02 1.497203118694070838e+02 5.646562206771505998e+01
