1.467781363328149098e+02 1.495454058735747651e+02 5.639710389116763167e+01
1.469182875667925714e+02 1.496878729263587502e+02 5.645142009501127234e+01
1.469430804307123140e+02 1.497145970141003772e+02 5.646095689196585710e+01
1.469506052769744997e+02 1.497202065374854101e+02 5.646352656663014358e+01
1.469502468557071495e+02 1.497206033519263144e+02 5.646380577052543970e+01
1.469533473132089227e+02 1.497180372812101723e+02 5.646492586464607655e+01
1.469520666452130797e+02 1.497155255767792710e+02 5.646600878420237279e+01
1.469533444724141305e+02 1.497155336051097265e+02 5.646485013965621391e+01
1.469526279479959783e+02 1.497181787030141891e+02 5.646442779223354336e+01
1.469538328903641400e+02 1.497164715376125059e+02 5.646417786990652132e+01
1.469543372099561225e+02 1.497156993278574078e+02 5.646416371581420890e+01
1.469553850779248592e+02 1.497158153089692973e+02 5.646398005476922322e+01
1.469537199393953983e+02 1.497165769792458150e+02 5.646409519565069957e+01
1.469519421919189028e+02 1.497170541234831944e+02 5.646379153232379622e+01
1.469494238033200304e+02 1.497185833712745762e+02 5.646316758913516765e+01
1.469498469540359906e+02 1.497230332946292322e+02 5.646302330397878677e+01
1.469474447460710849e+02 1.497241207902015958e+02 5.646351853048456348e+01
1.469466507351493760e+02 1.497245696410292339e+02 5.646350022217312414e+01
1.469461675822071811e+02 1.497238424127122585e+02 5.646382007590838725e+01
1.469445668658573823e+02 1.497238248759494468e+02 5.646455581849582472e+01
1.469448132296352014e+02 1.497214387528257760e+02 5.646439766150116668e+01
1.469461790251294815e+02 1.497195778022600052e+02 5.646464860172217470e+01
1.469490063035876801e+02 1.497216313792827975e+02 5.646454081170521988e+01
1.469507392926211367e+02 1.497207604447677909e+02 5.646367895268911496e+01
1.469492952863648441e+02 1.497232293216147525e+02 5.646321819520254337e+01
1.469501159161998203e+02 1.497232337524256423e+02 5.646367148688301540e+01
1.469476290434559189e+02 1.497218319271702001e+02 5.646380661971534209e+01
1.469525129646659138e+02 1.497200605944460108e+02 5.646377997895902467e+01
1.469525297999317672e+02 1.497206304295134487e+02 5.646362312457524979e+01
1.469511117257634396e+02 1.497185365341628653e+02 5.646440955699767983e+01
1.469519331194108531e+02 1.497191138533148376e+02 5.646446268347126818e+01
1.469523590217943934e+02 1.497178852943646348e+02 5.646465728647799409e+01
1.469532780140067985e+02 1.497179083957828709e+02 5.646445977275061523e+01
1.469502581402225019e+02 1.497163472239151361e+02 5.646458075181494252e+01
1.469507046336222515e+02 1.497177735808492400e+02 5.646420314171015065e+01
1.469518730140272282e+02 1.497177143703491993e+02 5.646426850342964343e+01
1.469542849806515790e+02 1.497197859695877469e+02 5.646374813967963036e+01
1.469508345062565695e+02 1.497192594792261389e+02 5.646430756414426355e+01
1.469518706105869228e+02 1.497193328555316327e+02 5.646417038412286615e+01
1.469508883402969275e+02 1.497197074787112001e+02 5.646447487935880361e+01
1.469506280119477708e+02 1.497186957797798357e+02 5.646439626141717838e+01
1.469522432557760112e+02 1.497191010554659556e+02 5.646421467049542997e+01
1.469503478115985615e+02 1.497200811373264742e+02 5.646348181242344566e+01
1.469513992731975804e+02 1.497220580329769177e+02 5.646386462733417488e+01
1.469497229146373911e+02 1.497238963604670516e+02 5.646375136162703257e+01
1.469493029607711492e+02 1.497224340674776215e+02 5.646318542042322974e+01
1.469518579171872261e+02 1.497210538528325401e+02 5.646361046621660051e+01
1.469510754454982475e+02 1.497199810400694844e+02 5.646378255185450712e+01
1.469525193459438697e+02 1.497203205637495387e+02 5.646372779345379911e+01
1.469528292570816461e+02 1.497213554989114073e+02 5.646395025178982507e+01
1.469523436070798539e+02 1.497193265049315301e+02 5.646315628714867785e+01
1.469524637326594529e+02 1.497195589994447005e+02 5.646303044515607183e+01
1.469514527188757711e+02 1.497210626030224603e+02 5.646332295926468703e+01
1.469495123815210889e+02 1.497212014542277814e+02 5.646358389463192395e+01
1.469493596761155914e+02 1.497220036781955912e+02 5.646387726171192867e+01
1.469507450869332956e+02 1.497204545107651938e+02 5.646348975592542274e+01
1.469514516468439638e+02 1.497209551829347447e+02 5.646346141464992030e+01
1.469502315453001415e+02 1.497239794209660317e+02 5.646404628375768198e+01
1.469491345461241281e+02 1.497259736233833110e+02 5.646437142138989174e+01
1.469468029124550981e+02 1.497240601811136003e+02 5.646404665988279703e+01
1.469456354197451731e+02 1.497233328990357677e+02 5.646432383100514585e+01
1.469453419851388958e+02 1.497229607920224623e+02 5.646400231310040141e+01
1.469448598663526013e+02 1.497232725775154449e+02 5.646328298468567652e+01
1.469468133998170174e+02 1.497231680928373976e+02 5.646425933995446655e+01
1.469473443834057207e+02 1.497219008904336306e+02 5.646408161192850628e+01
1.469479647092127834e+02 1.497240141247451959e+02 5.646441422179782421e+01
1.469498712176405490e+02 1.497226256909593758e+02 5.646429304188463050e+01
1.469503872441218562e+02 1.497195196160649573e+02 5.646458620254074390e+01
1.469504352239950435e+02 1.497182817495217364e+02 5.646496734876384949e+01
1.469506931750271406e+02 1.497207396420620000e+02 5.646477223984710747e+01
1.469515050298348342e+02 1.497233791073613816e+02 5.646482819264768693e+01
1.469519642805108788e+02 1.497211291452604485e+02 5.646473719620796317e+01
1.469500319371896637e+02 1.497198361811819041e+02 5.646416077894841834e+01
1.469517695953727525e+02 1.497192578432378696e+02 5.646351319157543003e+01
1.469537870246703051e+02 1.497197043540544996e+02 5.646310981913722316e+01
1.469532539107929097e+02 1.497209099623188422e+02 5.646321218919039353e+01
1.469537445723885867e+02 1.497222596824573202e+02 5.646394582277032725e+01
1.469517982020723252e+02 1.497221909041377614e+02 5.646368267618994707e+01
1.469504588048490064e+02 1.497212505430400711e+02 5.646344997415944533e+01
1.469497371119880142e+02 1.497186538412742891e+02 5.646406891988061716e+01
1.469500790354673541e+02 1.497208819828366018e+02 5.646481489133198295e+01
1.469501872976755692e+02 1.497196521199740573e+02 5.646495725192977488e+01
1.469492513830350049e+02 1.497201912028219226e+02 5.646485221761364670e+01
1.469493311722426938e+02 1.497229903051581914e+02 5.646441720846229373e+01
1.469490884551677823e+02 1.497231351593262900e+02 5.646387191366875413e+01
1.469513001019514604e+02 1.497208652322166245e+02 5.646319523016543229e+01
1.469507565246950662e+02 1.497184364372042751e+02 5.646338870115739184e+01
1.469481487107615862e+02 1.497191213718257927e+02 5.646429262142179084e+01
1.469488542223341767e+02 1.497219201279517051e+02 5.646511083898082006e+01
1.469472170496101739e+02 1.497210530456123365e+02 5.646492718045585946e+01
1.469492441694430909e+02 1.497201930219867165e+02 5.646471355338447040e+01
1.469490079958277420e+02 1.497173043261492467e+02 5.646359065090770457e+01
1.469495101553789596e+02 1.497203014106196406e+02 5.646375683451289262e+01
1.469475866288223642e+02 1.497194407418573974e+02 5.646370135208637464e+01
1.469485577490526680e+02 1.497201387450342054e+02 5.646439089846163029e+01
1.469493511730253772e+02 1.497178237903954710e+02 5.646480458343758357e+01
1.469497809156233075e+02 1.497183897953131009e+02 5.646432499789056436e+01
1.469497930903119709e+02 1.497205853277228300e+02 5.646432061162998650e+01
1.469503671646138514e+02 1.497199966962999724e+02 5.646464732391588370e+01
1.469482313221858476e+02 1.497201751067334214e+02 5.646487035627868067e+01
1.469513419106320953e+02 1.497202845583017847e+02 5.646561175992940207e+01
