1.461588810818936395e+02 1.489144634705750150e+02 1.163971038911676175e+02
1.462109938474464172e+02 1.489690317227437504e+02 1.163971038911676175e+02
1.462405984403932280e+02 1.490015568645693520e+02 1.163971038911676175e+02
1.462547036422114672e+02 1.490175552531187577e+02 1.163971038911676175e+02
1.462629112065818902e+02 1.490266943277634937e+02 1.163971038911676175e+02
1.462659316634983497e+02 1.490316034753579117e+02 1.163971038911676175e+02
1.462699989479973226e+02 1.490368503653065204e+02 1.163971038911676175e+02
1.462730832467422601e+02 1.490411566891868915e+02 1.163971038911676175e+02
1.462762344936443242e+02 1.490461901086086982e+02 1.163971038911676175e+02
1.462788180356562577e+02 1.490500714864831480e+02 1.163971038911676175e+02
1.462802457901150319e+02 1.490534696032859188e+02 1.163971038911676175e+02
1.462779501811319847e+02 1.490551001720361342e+02 1.163971038911676175e+02
1.462795866143470676e+02 1.490560624605450073e+02 1.163971038911676175e+02
1.462823907019803187e+02 1.490573992845008320e+02 1.163971038911676175e+02
1.462833259035381843e+02 1.490574815433228366e+02 1.163971038911676175e+02
1.462849138840235810e+02 1.490586017061058328e+02 1.163971038911676175e+02
1.462864996983232686e+02 1.490597506268464940e+02 1.163971038911676175e+02
1.462864856310910113e+02 1.490612570657405627e+02 1.163971038911676175e+02
1.462878589680304913e+02 1.490631537558506352e+02 1.163971038911676175e+02
1.462897183371660788e+02 1.490665840112435490e+02 1.163971038911676175e+02
1.462888705478187035e+02 1.490680591731938875e+02 1.163971038911676175e+02
1.462895640007434395e+02 1.490679662725804064e+02 1.163971038911676175e+02
1.462886654150094614e+02 1.490649952896909554e+02 1.163971038911676175e+02
1.462890579224406054e+02 1.490637835924738397e+02 1.163971038911676175e+02
1.462921887702560753e+02 1.490646509024086868e+02 1.163971038911676175e+02
1.462913774039879513e+02 1.490651605766739749e+02 1.163971038911676175e+02
1.462925444514307003e+02 1.490669910281882267e+02 1.163971038911676175e+02
1.462935203571804266e+02 1.490678467015185902e+02 1.163971038911676175e+02
1.462950331445918835e+02 1.490695496233772133e+02 1.163971038911676175e+02
1.462958412466372522e+02 1.490691530302285628e+02 1.163971038911676175e+02
1.462947975409459502e+02 1.490697975968299716e+02 1.163971038911676175e+02
1.462921337136353941e+02 1.490661970640160803e+02 1.163971038911676175e+02
1.462934793888537683e+02 1.490658034656447057e+02 1.163971038911676175e+02
1.462937755665071791e+02 1.490645881843018117e+02 1.163971038911676175e+02
1.462961043841775677e+02 1.490644068476248094e+02 1.163971038911676175e+02
1.462955915295349314e+02 1.490627383543869087e+02 1.163971038911676175e+02
1.462941841137792949e+02 1.490629717493134478e+02 1.163971038911676175e+02
1.462945096790607806e+02 1.490627824388894282e+02 1.163971038911676175e+02
1.462952519197169181e+02 1.490629910890731367e+02 1.163971038911676175e+02
1.462955519935307507e+02 1.490619945121547403e+02 1.163971038911676175e+02
1.462952006774236793e+02 1.490621935930952873e+02 1.163971038911676175e+02
1.462919280807806217e+02 1.490601314305265532e+02 1.163971038911676175e+02
1.462888112077430378e+02 1.490581567731079247e+02 1.163971038911676175e+02
1.462906581660022596e+02 1.490597517557679907e+02 1.163971038911676175e+02
1.462939049621134586e+02 1.490620017478020713e+02 1.163971038911676175e+02
1.462943089133258354e+02 1.490605986755380741e+02 1.163971038911676175e+02
1.462938346502892273e+02 1.490586137565379659e+02 1.163971038911676175e+02
1.462928837209114761e+02 1.490538908621820724e+02 1.163971038911676175e+02
1.462890974827195976e+02 1.490514438561641839e+02 1.163971038911676175e+02
1.462894339297616852e+02 1.490514130895032849e+02 1.163971038911676175e+02
1.462907060417045386e+02 1.490499683063367229e+02 1.163971038911676175e+02
1.462916648578604111e+02 1.490499755981016961e+02 1.163971038911676175e+02
1.462937718273274754e+02 1.490523873441740648e+02 1.163971038911676175e+02
1.462960245262395347e+02 1.490553256842489986e+02 1.163971038911676175e+02
1.462955865562375379e+02 1.490562934930970016e+02 1.163971038911676175e+02
1.462968288702547852e+02 1.490564090036119467e+02 1.163971038911676175e+02
1.462949313524449622e+02 1.490561889175894521e+02 1.163971038911676175e+02
1.462948225157236948e+02 1.490552926667436111e+02 1.163971038911676175e+02
1.462973243025782608e+02 1.490576098719423044e+02 1.163971038911676175e+02
1.462985839295026835e+02 1.490582901715249591e+02 1.163971038911676175e+02
1.462988119715967912e+02 1.490578541729742597e+02 1.163971038911676175e+02
1.462975948097927130e+02 1.490579551310581508e+02 1.163971038911676175e+02
1.462967351594040792e+02 1.490551895167400858e+02 1.163971038911676175e+02
1.462985825407214691e+02 1.490552245431136384e+02 1.163971038911676175e+02
1.462999350650766814e+02 1.490547682958615496e+02 1.163971038911676175e+02
1.463006961376884760e+02 1.490571748963751588e+02 1.163971038911676175e+02
1.463015120313442594e+02 1.490596996991013157e+02 1.163971038911676175e+02
1.462993622537959197e+02 1.490608492203228082e+02 1.163971038911676175e+02
1.462982713882139478e+02 1.490608797308644284e+02 1.163971038911676175e+02
1.462961436236187467e+02 1.490570586236423196e+02 1.163971038911676175e+02
1.462951186852096725e+02 1.490575001830270025e+02 1.163971038911676175e+02
1.462946397114018282e+02 1.490567860423066122e+02 1.163971038911676175e+02
1.462917220383200743e+02 1.490542453530721900e+02 1.163971038911676175e+02
1.462893509766935267e+02 1.490532235363929203e+02 1.163971038911676175e+02
1.462879633258103524e+02 1.490527466893323663e+02 1.163971038911676175e+02
1.462873517060097015e+02 1.490529548174418721e+02 1.163971038911676175e+02
1.462867390342426006e+02 1.490516101240108640e+02 1.163971038911676175e+02
1.462891319649056641e+02 1.490522408871837285e+02 1.163971038911676175e+02
1.462895002653955032e+02 1.490523355804089078e+02 1.163971038911676175e+02
1.462903144578797878e+02 1.490554282090189417e+02 1.163971038911676175e+02
1.462880942830581432e+02 1.490555656449568573e+02 1.163971038911676175e+02
1.462884985192869181e+02 1.490568859694259629e+02 1.163971038911676175e+02
1.462902554457622841e+02 1.490601419607583580e+02 1.163971038911676175e+02
1.462912799274817246e+02 1.490619013442305913e+02 1.163971038911676175e+02
1.462914451712370010e+02 1.490613891303308378e+02 1.163971038911676175e+02
1.462895440565011995e+02 1.490601089388112541e+02 1.163971038911676175e+02
1.462881164609098334e+02 1.490570289448318988e+02 1.163971038911676175e+02
1.462897588267948663e+02 1.490583813405540354e+02 1.163971038911676175e+02
1.462915847492871535e+02 1.490603970709350676e+02 1.163971038911676175e+02
1.462907081912615581e+02 1.490593305694632136e+02 1.163971038911676175e+02
1.462920308945085139e+02 1.490622080183859453e+02 1.163971038911676175e+02
1.462926240303107477e+02 1.490639563629248414e+02 1.163971038911676175e+02
1.462910191557212727e+02 1.490633072101404650e+02 1.163971038911676175e+02
1.462886962972105209e+02 1.490637909809044004e+02 1.163971038911676175e+02
1.462867451745869971e+02 1.490618510811931969e+02 1.163971038911676175e+02
1.462841382187479553e+02 1.490612933905918567e+02 1.163971038911676175e+02
1.462843384382234717e+02 1.490609293172498155e+02 1.163971038911676175e+02
1.462858373992602594e+02 1.490618920989380740e+02 1.163971038911676175e+02
1.462888990903227864e+02 1.490647599827963177e+02 1.163971038911676175e+02
1.462906356158426320e+02 1.490658436894669592e+02 1.163971038911676175e+02
1.462912778741733462e+02 1.490666527191077648e+02 1.163971038911676175e+02
