1.461588810818936395e+02 1.489144634705750150e+02 1.163971038911676175e+02
1.462109592529707811e+02 1.489689964735920853e+02 1.163971038911676175e+02
1.462405442631771280e+02 1.490015016594809936e+02 1.163971038911676175e+02
1.462546375902603870e+02 1.490174879479419587e+02 1.163971038911676175e+02
1.462628374364580566e+02 1.490266191601784840e+02 1.163971038911676175e+02
1.462658525542530583e+02 1.490315228435376866e+02 1.163971038911676175e+02
1.462699158639906045e+02 1.490367656482948462e+02 1.163971038911676175e+02
1.462729969748141343e+02 1.490410686831509679e+02 1.163971038911676175e+02
1.462761455176495815e+02 1.490460993491819863e+02 1.163971038911676175e+02
1.462787266845061822e+02 1.490499782880997941e+02 1.163971038911676175e+02
1.462801522436545838e+02 1.490533741729236965e+02 1.163971038911676175e+02
1.462778546318895678e+02 1.490550027155256885e+02 1.163971038911676175e+02
1.462794891855224364e+02 1.490559630962880533e+02 1.163971038911676175e+02
1.462822914988004754e+02 1.490572981021310284e+02 1.163971038911676175e+02
1.462832250216606553e+02 1.490573786217154861e+02 1.163971038911676175e+02
1.462848113907167260e+02 1.490584971580841227e+02 1.163971038911676175e+02
1.462863956730681139e+02 1.490596445467754165e+02 1.163971038911676175e+02
1.462863801098233409e+02 1.490611494803000312e+02 1.163971038911676175e+02
1.462877520476292545e+02 1.490630447234509290e+02 1.163971038911676175e+02
1.462896100674639968e+02 1.490664735875129168e+02 1.163971038911676175e+02
1.462887610011321158e+02 1.490679474215020264e+02 1.163971038911676175e+02
1.462894532294374983e+02 1.490678532549446516e+02 1.163971038911676175e+02
1.462885534648616783e+02 1.490648810954541545e+02 1.163971038911676175e+02
1.462889448532793608e+02 1.490636682593080309e+02 1.163971038911676175e+02
1.462920746431182693e+02 1.490645344710123368e+02 1.163971038911676175e+02
1.462912622896275252e+02 1.490650430834288045e+02 1.163971038911676175e+02
1.462924283608785458e+02 1.490668725368007586e+02 1.163971038911676175e+02
1.462934032947379990e+02 1.490677272570372907e+02 1.163971038911676175e+02
1.462949151404411907e+02 1.490694292377050942e+02 1.163971038911676175e+02
1.462957223787764178e+02 1.490690317998577825e+02 1.163971038911676175e+02
1.462946778411331650e+02 1.490696755589105464e+02 1.163971038911676175e+02
1.462920131951333360e+02 1.490660742283721163e+02 1.163971038911676175e+02
1.462933580860088227e+02 1.490656798709980251e+02 1.163971038911676175e+02
1.462936535310018371e+02 1.490644638703786882e+02 1.163971038911676175e+02
1.462959816797227290e+02 1.490642818403387082e+02 1.163971038911676175e+02
1.462954681921899578e+02 1.490626126749301363e+02 1.163971038911676175e+02
1.462940601582901650e+02 1.490628454037751567e+02 1.163971038911676175e+02
1.462943851267986588e+02 1.490626555036738523e+02 1.163971038911676175e+02
1.462951267687096788e+02 1.490628635693101103e+02 1.163971038911676175e+02
1.462954263196471629e+02 1.490618664638251971e+02 1.163971038911676175e+02
1.462950744589168153e+02 1.490620650095497126e+02 1.163971038911676175e+02
1.462918013981534671e+02 1.490600023524818312e+02 1.163971038911676175e+02
1.462886840768679235e+02 1.490580272093374674e+02 1.163971038911676175e+02
1.462905306279105844e+02 1.490596217357264663e+02 1.163971038911676175e+02
1.462937769589913160e+02 1.490618712151317311e+02 1.163971038911676175e+02
1.462941804901194587e+02 1.490604676893334499e+02 1.163971038911676175e+02
1.462937057932541620e+02 1.490584823246452686e+02 1.163971038911676175e+02
1.462927544611150381e+02 1.490537590462497519e+02 1.163971038911676175e+02
1.462889678693292126e+02 1.490513117168202939e+02 1.163971038911676175e+02
1.462893039861178295e+02 1.490512806026164867e+02 1.163971038911676175e+02
1.462905757393302224e+02 1.490498354521251940e+02 1.163971038911676175e+02
1.462915342363968705e+02 1.490498424572160161e+02 1.163971038911676175e+02
1.462936409240697344e+02 1.490522539225385401e+02 1.163971038911676175e+02
1.462958933254440694e+02 1.490551919248075023e+02 1.163971038911676175e+02
1.462954550979585804e+02 1.490561594440367230e+02 1.163971038911676175e+02
1.462966971307908466e+02 1.490562746553403599e+02 1.163971038911676175e+02
1.462947993521181047e+02 1.490560542778468403e+02 1.163971038911676175e+02
1.462946902819450656e+02 1.490551577913477388e+02 1.163971038911676175e+02
1.462971918159148004e+02 1.490574747511381020e+02 1.163971038911676175e+02
1.462984511945715838e+02 1.490581548227427220e+02 1.163971038911676175e+02
1.462986789901471809e+02 1.490577186176414557e+02 1.163971038911676175e+02
1.462974616055765864e+02 1.490578193774946953e+02 1.163971038911676175e+02
1.462966017218958541e+02 1.490550535802477725e+02 1.163971038911676175e+02
1.462984488846960858e+02 1.490550884046809017e+02 1.163971038911676175e+02
1.462998012439053923e+02 1.490546319945170808e+02 1.163971038911676175e+02
1.463005621707231967e+02 1.490570384480708412e+02 1.163971038911676175e+02
1.463013778905824154e+02 1.490595630845176061e+02 1.163971038911676175e+02
1.462992279491228942e+02 1.490607124503802652e+02 1.163971038911676175e+02
1.462981369141145649e+02 1.490607427698177219e+02 1.163971038911676175e+02
1.462960089981376655e+02 1.490569215020034051e+02 1.163971038911676175e+02
1.462949839386518818e+02 1.490573629153902573e+02 1.163971038911676175e+02
1.462945048371338999e+02 1.490566486396229493e+02 1.163971038911676175e+02
1.462915870672815686e+02 1.490541078409984550e+02 1.163971038911676175e+02
1.462892159067531566e+02 1.490530859139477116e+02 1.163971038911676175e+02
1.462878281246584038e+02 1.490526089124900295e+02 1.163971038911676175e+02
1.462872164150897447e+02 1.490528169108000327e+02 1.163971038911676175e+02
1.462866036513767369e+02 1.490514721157969689e+02 1.163971038911676175e+02
1.462889964727020242e+02 1.490521027948544202e+02 1.163971038911676175e+02
1.462893646936204846e+02 1.490521973858471654e+02 1.163971038911676175e+02
1.462901787863879974e+02 1.490552899039877559e+02 1.163971038911676175e+02
1.462879585561816498e+02 1.490554272537658562e+02 1.163971038911676175e+02
1.462883627230365278e+02 1.490567474781323369e+02 1.163971038911676175e+02
1.462901196014955758e+02 1.490600033663964155e+02 1.163971038911676175e+02
1.462911439795117872e+02 1.490617626751898968e+02 1.163971038911676175e+02
1.462913091797807112e+02 1.490612503859979370e+02 1.163971038911676175e+02
1.462894079916158603e+02 1.490599701156558581e+02 1.163971038911676175e+02
1.462879803272782624e+02 1.490568900725342871e+02 1.163971038911676175e+02
1.462896226032065101e+02 1.490582424511150066e+02 1.163971038911676175e+02
1.462914484629243361e+02 1.490602580885574469e+02 1.163971038911676175e+02
1.462905718605358629e+02 1.490591915216050438e+02 1.163971038911676175e+02
1.462918944999451867e+02 1.490620689178354041e+02 1.163971038911676175e+02
1.462924875348037972e+02 1.490638171659521163e+02 1.163971038911676175e+02
1.462908826439581276e+02 1.490631679416856628e+02 1.163971038911676175e+02
1.462885597650279692e+02 1.490636516179521323e+02 1.163971038911676175e+02
1.462866086087849453e+02 1.490617116862160287e+02 1.163971038911676175e+02
1.462840016277533834e+02 1.490611539249546809e+02 1.163971038911676175e+02
1.462842018115906910e+02 1.490607898111992711e+02 1.163971038911676175e+02
1.462857007447319688e+02 1.490617525923955782e+02 1.163971038911676175e+02
1.462887624032685210e+02 1.490646204357017268e+02 1.163971038911676175e+02
1.462904989088009415e+02 1.490657040870148080e+02 1.163971038911676175e+02
1.462911411083427708e+02 1.490665130091956030e+02 1.163971038911676175e+02
